#Res         BFACTORS
   1.000     824.7630
   2.000     427.4007
   3.000     281.2599
   4.000     130.1013
   5.000     112.1135
   6.000      88.1723
   7.000      54.9384
   8.000      31.4151
   9.000      34.1271
  10.000      43.8249
  11.000      84.8662
  12.000     366.1838
  13.000     585.5562
  14.000     748.5369
  15.000     546.1415
  16.000     223.2078
  17.000     152.1053
  18.000     108.1246
  19.000      98.6011
  20.000     204.1600
  21.000     198.0135
  22.000     148.7066
  23.000      67.9938
  24.000      41.7586
  25.000      30.6570
  26.000      32.4831
  27.000      22.7620
  28.000      13.1896
  29.000      17.8114
  30.000      20.0439
  31.000      11.3845
  32.000      14.0167
  33.000      12.7273
  34.000      10.7276
  35.000      16.2173
  36.000      24.6140
  37.000      35.2183
  38.000      32.4191
  39.000      44.0635
  40.000      38.5083
  41.000      20.2940
  42.000      31.7241
  43.000      38.6070
  44.000      49.9118
  45.000      21.5596
  46.000      21.2641
  47.000      15.9092
  48.000      13.2032
  49.000      10.3932
  50.000      10.4084
  51.000      10.5829
  52.000      11.0249
  53.000      17.6937
  54.000      18.7169
  55.000      15.5426
  56.000      37.1066
  57.000      17.7538
  58.000      13.0624
  59.000      15.1349
  60.000      13.8595
  61.000      17.8215
  62.000      17.0844
  63.000      12.4931
  64.000      11.6308
  65.000       9.6140
  66.000       7.5463
  67.000       8.0559
  68.000       7.6388
  69.000       8.5277
  70.000      11.0786
  71.000      12.7238
  72.000      11.0802
  73.000      12.7211
  74.000      16.5116
  75.000      15.3238
  76.000      11.4139
  77.000      14.9923
  78.000      13.0148
  79.000      10.5636
  80.000       9.0645
  81.000       6.5743
  82.000       7.3137
  83.000       7.0462
  84.000       7.2323
  85.000       9.3833
  86.000       8.8878
  87.000      10.5883
  88.000      11.2387
  89.000      11.5002
  90.000       9.8194
  91.000       8.9853
  92.000       7.5345
  93.000       7.5131
  94.000       7.4531
  95.000       6.9699
  96.000       8.3628
  97.000       9.2149
  98.000      14.2624
  99.000      11.7893
 100.000      10.3672
 101.000       8.0485
 102.000       7.6142
 103.000       6.8672
 104.000       7.5129
 105.000       7.6840
 106.000       9.7793
 107.000      10.7463
 108.000      10.9001
 109.000       9.7494
 110.000       8.0328
 111.000       8.6253
 112.000       8.1262
 113.000       8.6091
 114.000       9.6683
 115.000      23.9829
 116.000      31.6195
 117.000      60.7906
 118.000      43.9519
 119.000      34.9003
 120.000      20.4991
 121.000      14.0067
 122.000      10.3496
 123.000       9.6549
 124.000       9.3941
 125.000       9.7101
 126.000       9.5195
 127.000      11.2205
 128.000      10.7342
 129.000      12.3462
 130.000       8.3062
 131.000       8.0636
 132.000       8.3980
 133.000       8.7170
 134.000       8.7542
 135.000      12.1849
 136.000      12.5984
 137.000      13.4785
 138.000      10.7602
 139.000       9.5450
 140.000       7.1776
 141.000       7.5611
 142.000       7.5506
 143.000       8.2055
 144.000       8.2796
 145.000      10.3387
 146.000      15.6950
 147.000      15.8644
 148.000      10.3794
 149.000       8.6574
 150.000       8.5843
 151.000       7.3365
 152.000       6.8125
 153.000       6.6680
 154.000       6.9795
 155.000       9.2560
 156.000      14.0057
 157.000      11.7769
 158.000      11.7143
 159.000      13.2087
 160.000      10.8171
 161.000      12.9221
 162.000      11.8365
 163.000      16.3180
 164.000      22.6961
 165.000      11.8250
 166.000       9.3289
 167.000      10.1949
 168.000      16.1546
 169.000      15.8551
 170.000      19.5347
 171.000      21.3139
 172.000      25.5160
 173.000      35.4552
 174.000      47.3865
 175.000      56.5345
 176.000      79.1963
 177.000      86.0263
 178.000     142.4804
 179.000     143.2960
 180.000     111.6860
 181.000     182.6997
 182.000     260.8213
 183.000     257.6192
 184.000     289.8839
 185.000     380.9941
 186.000     345.3402
 187.000     297.6778
 188.000     196.9065
 189.000     279.1089
 190.000     290.7601
 191.000     163.1704
 192.000     204.4150
 193.000     187.7597
 194.000      68.7943
 195.000      75.6292
 196.000      79.4658
 197.000      37.2349
 198.000      20.4407
 199.000      14.4334
 200.000       9.2027
 201.000       9.2850
 202.000      11.2533
 203.000      14.7534
 204.000      16.5508
 205.000      22.3488
 206.000      19.8036
 207.000      24.1735
 208.000      31.2703
 209.000      26.7069
 210.000      17.8249
 211.000      29.5153
 212.000      36.1119
 213.000      26.9531
 214.000      28.1782
 215.000      45.2711
 216.000      42.3481
 217.000      36.2339
 218.000      55.2271
 219.000      43.3473
 220.000      34.3627
 221.000      24.1878
 222.000      22.7610
 223.000      35.2510
 224.000      27.2015
 225.000      14.8120
 226.000       9.2523
 227.000      10.2403
 228.000       9.8776
 229.000       9.9687
 230.000       9.7095
 231.000      15.0724
 232.000      21.7179
 233.000      21.1140
 234.000      24.0705
 235.000      16.8993
 236.000      13.7546
 237.000      17.4131
 238.000      12.5367
 239.000      18.7249
 240.000      12.0139
 241.000       9.1844
 242.000      10.4187
 243.000       8.1575
 244.000       6.5556
 245.000       8.2267
 246.000       9.6266
 247.000      10.3900
 248.000      13.4188
 249.000      15.7377
 250.000      13.3749
 251.000      12.5475
 252.000      22.7190
 253.000      15.0829
 254.000      14.7595
 255.000      18.2881
 256.000      20.7529
 257.000      10.9579
 258.000       8.5400
 259.000       7.4020
 260.000       6.7159
 261.000       5.7091
 262.000       6.2639
 263.000       7.3721
 264.000       7.7675
 265.000      10.5460
 266.000      15.0364
 267.000      18.8826
 268.000      11.1280
 269.000       8.2830
 270.000       7.1239
 271.000      11.3843
 272.000       8.4465
 273.000       9.0577
 274.000      11.1968
 275.000      10.1541
 276.000      13.5048
 277.000      13.2736
 278.000      11.8100
 279.000      11.1504
 280.000       7.4046
 281.000       7.2162
 282.000       8.6804
 283.000       6.1847
 284.000       6.5974
 285.000       8.5110
 286.000       9.2777
 287.000       9.1518
 288.000      10.1406
 289.000       8.7736
 290.000       8.7560
 291.000       8.2198
 292.000       9.7170
 293.000      10.9364
 294.000      13.0272
 295.000      23.3673
 296.000      48.0276
 297.000      81.0185
 298.000      59.5452
 299.000      21.8764
 300.000      14.8386
 301.000      11.6601
 302.000       8.6399
 303.000       7.6362
 304.000       7.9098
 305.000       7.5322
 306.000       8.5552
 307.000       8.8070
 308.000       9.2820
 309.000       7.4472
 310.000       8.0882
 311.000      11.0452
 312.000      10.4069
 313.000       8.8763
 314.000       9.5454
 315.000      10.9689
 316.000      11.3454
 317.000      10.4861
 318.000       8.3443
 319.000       6.3941
 320.000       6.7665
 321.000       7.6627
 322.000       8.4191
 323.000       8.2259
 324.000      11.4667
 325.000      17.2647
 326.000      24.5915
 327.000      17.9362
 328.000      11.5961
 329.000       7.0009
 330.000       6.3660
 331.000       5.7210
 332.000       6.0573
 333.000       7.3931
 334.000       7.1525
 335.000       9.0308
 336.000      11.9486
 337.000      12.2036
 338.000      16.4223
 339.000      13.6146
 340.000      10.8791
 341.000      10.5056
 342.000      10.3573
 343.000      12.2923
 344.000      10.5717
 345.000      11.1596
 346.000      12.6977
 347.000      14.6570
 348.000      20.0394
 349.000      21.4343
 350.000      24.8262
 351.000      38.9680
 352.000      56.8828
 353.000      89.9609
 354.000      77.7637
 355.000     118.0880
 356.000     105.9238
 357.000      63.6836
 358.000      92.1728
 359.000     143.7699
 360.000     154.0127
 361.000     161.2160
 362.000     166.6296
 363.000     167.7737
 364.000     188.8008
 365.000     167.7277
 366.000     195.9166
 367.000     127.8120
 368.000      70.1070
 369.000     111.9700
 370.000      82.5515
 371.000      33.7562
 372.000      29.1322
 373.000      26.6844
 374.000      26.6377
 375.000      26.8712
 376.000      13.9365
 377.000       8.8153
 378.000       7.7330
 379.000      11.6302
 380.000      16.6604
 381.000      26.9868
 382.000     106.2266
