#Frame   Glu162_CD_Mn1 Glu162_OE1_Mn1 Glu162_OE2_Mn1
       1       12.1804        11.8389        13.5234
       2       11.8010        11.5219        13.1056
       3       12.1019        11.9881        13.3780
       4       12.2046        11.9607        13.5184
       5       11.8931        11.6943        13.1845
       6       12.2098        11.8404        13.5300
       7       12.6956        12.5669        13.8714
       8       12.4615        12.1997        13.7557
       9       12.3212        12.3698        13.4171
      10       13.3057        13.2251        14.5111
      11       11.6481        11.3608        12.8884
      12       11.9228        11.8521        13.0880
      13       11.8989        11.7520        13.0934
      14       12.4702        12.1234        13.7711
      15       11.9642        11.6206        13.2171
      16       11.7562        11.3422        13.0980
      17       11.9597        11.6052        13.1997
      18       12.4455        12.3782        13.5659
      19       12.4913        12.2552        13.7129
      20       12.5637        12.5173        13.6967
      21       11.5609        11.2049        12.8368
      22       11.1932        10.7316        12.5460
      23       12.3229        12.0473        13.6267
      24       12.5643        12.3938        13.7315
      25       12.4437        12.0391        13.7708
      26       11.9752        11.7305        13.2431
      27       11.5777        11.4131        12.8695
      28       12.0502        12.0069        13.3059
      29       13.4263        13.4631        14.6326
      30       12.0393        11.7528        13.3556
      31       11.4821        11.1424        12.5247
      32       11.3292        10.7547        12.6402
      33       11.4663        10.8972        12.7124
      34       11.4548        11.0102        12.7229
      35       11.1346        10.6347        12.3909
      36       11.1742        10.6772        12.5487
      37       11.1699        10.5919        12.5256
      38       11.1344        10.5243        12.4692
      39       11.0593        10.3631        12.4619
      40       11.3883        10.8983        12.7916
      41       11.2039        10.6729        12.5317
      42       11.3726        10.7440        12.7486
      43       10.9705        10.3295        12.2877
      44       11.0013        10.4368        12.3425
      45       11.0853        10.6806        12.3928
      46       10.9803        10.4890        12.2860
      47       10.6702        10.1189        12.0296
      48       11.5520        11.0585        12.8885
      49       11.0133        10.5255        12.2436
      50       11.3327        10.8356        12.6846
      51       10.9974        10.4889        12.3282
      52       11.1288        10.5544        12.4172
      53       10.8261        10.3755        12.1921
      54       11.4680        10.9514        12.7741
      55       10.9495        10.4662        12.2657
      56       11.4182        11.0554        12.7090
      57       11.1381        10.5734        12.4654
      58       11.5065        10.9092        12.7715
      59       11.0493        10.5113        12.3810
      60       11.0344        10.4241        12.3700
      61       10.6095        10.0445        11.9538
      62       10.3369         9.9397        11.6462
      63       11.3588        10.8283        12.7204
      64       11.0549        10.5411        12.4493
      65       10.9188        10.3741        12.2205
      66       11.0997        10.7353        12.2110
      67       10.3206         9.8495        11.5802
      68       10.7213        10.2409        11.9989
      69       10.3229         9.7986        11.5812
      70       10.7990        10.3750        12.1173
      71       10.2236         9.6234        11.4250
      72       10.7889        10.1367        12.1327
      73       10.7109        10.1917        12.0495
      74       11.1686        10.7822        12.4828
      75       10.6869        10.1487        11.9763
      76       11.6388        11.1688        12.9091
      77       11.1181        10.6039        12.4535
      78       11.1103        10.9027        12.2699
      79       11.5661        11.1310        12.9318
      80       10.9474        10.4364        12.2017
      81       10.4680         9.8102        11.7790
      82       11.0142        10.4355        12.3696
      83       11.1944        10.5550        12.5383
      84       10.4694         9.7399        11.8012
      85       10.2635         9.8280        11.4852
      86       11.6079        11.1345        12.8835
      87       10.9799        10.4002        12.3234
      88       10.7675        10.1153        12.1368
      89       10.6710        10.2030        11.9823
      90       10.8996        10.2923        12.1141
      91       10.8443        10.2893        12.1804
      92       10.5483        10.0186        11.9251
      93       10.3889         9.7752        11.7640
      94       10.8301        10.3702        12.1758
      95       10.9989        10.6985        12.2423
      96       11.0450        10.5755        12.4012
      97       10.9231        10.4322        12.1397
      98       10.3175         9.6598        11.5835
      99       11.0452        10.5336        12.2887
     100       10.8582        10.4813        12.0912
     101       10.5545         9.9348        11.9036
     102       10.6112         9.8174        11.9258
     103       10.8555        10.1816        12.2399
     104       10.7822        10.2218        12.1327
     105       10.2372         9.6714        11.5850
     106       11.1603        10.4653        12.4422
     107       10.3830         9.9355        11.3861
     108       11.0280        10.4483        12.3871
     109       10.6983        10.0867        11.9962
     110       10.8343        10.1060        12.2014
     111       11.1265        10.5479        12.4467
     112       10.8019        10.2788        12.1516
     113       11.3644        10.9061        12.6789
     114       11.1417        10.5695        12.4755
     115       10.6250        10.1521        11.9585
     116       11.3399        11.7522        11.7827
     117       11.2918        11.9428        11.2884
     118       11.0680        11.5531        11.6531
     119       11.2367        11.7439        11.4891
     120       11.7142        12.2209        12.0717
     121       11.8828        12.3414        12.4286
     122       10.5166        11.2428        10.8258
     123       11.3730        11.7987        11.7269
     124       11.8172        12.2827        12.2918
     125       11.3946        11.7901        11.8552
     126       11.0403        11.4211        11.4662
     127       11.2684        11.7819        11.6759
     128       11.2747        11.5922        12.1087
     129       11.6752        12.3819        11.7676
     130       11.5666        12.1462        11.8411
     131       11.4670        12.0772        11.7604
     132       11.4626        11.9836        11.9245
     133       10.9045        11.2502        11.3435
     134       11.3860        11.6933        12.1293
     135       11.6987        11.9387        12.3529
     136       11.6049        11.9672        12.1991
     137       11.6251        11.9764        12.1592
     138       11.1132        11.5521        11.5900
     139       11.4889        11.6290        12.2867
     140       11.0615        11.1426        11.8242
     141       12.1590        12.7293        12.4785
     142       11.4988        12.2134        11.6383
     143       11.4890        11.7620        12.0519
     144       10.8864        10.4763        12.2213
     145       11.5376        11.2101        12.8433
     146       11.7858        12.0440        12.3254
     147       11.4117        11.6346        12.2249
     148       11.5456        11.7931        12.2736
     149       10.9052        11.3034        11.4177
     150       11.3349        11.7123        12.0517
     151       11.3459        11.5066        12.0499
     152       11.4887        11.8751        12.1084
     153       11.3457        11.6087        12.2275
     154       11.8392        12.2794        12.3974
     155       11.8222        12.1055        12.5763
     156       11.7785        12.1858        12.3485
     157       11.5464        11.8459        12.2682
     158       12.1855        12.4815        12.9021
     159       11.4440        11.9677        12.0544
     160       11.3262        11.1209        12.3411
     161       11.4003        11.8353        11.8983
     162       11.0796        11.5069        11.5250
     163       11.4158        11.8998        12.0253
     164       11.2300        11.7234        11.5440
     165       11.6408        12.1309        12.2282
     166       10.6988        10.7833        11.2640
     167       10.9905        11.3449        11.4536
     168       11.4099        11.7218        12.0668
     169       11.6125        12.3272        11.7469
     170       11.2843        11.8532        11.6999
     171       11.1384        11.5869        11.7102
     172       11.2253        11.4203        11.9201
     173       11.9493        12.4910        12.5194
     174       11.4506        12.1640        11.6101
     175       11.1636        11.5632        11.5502
     176       11.3732        11.6922        11.9925
     177       11.7752        11.8598        12.6919
     178       11.2421        11.6758        11.8285
     179       12.1205        12.2888        12.7339
     180       11.4380        11.9165        12.0143
     181       11.1884        11.6410        11.5545
     182       11.4221        11.9252        11.9470
     183       11.5900        12.0827        12.0604
     184       11.1969        11.7458        11.7162
     185       11.2097        11.6158        11.7807
     186       10.9614        11.2665        11.5012
     187       10.7284        11.1983        11.2591
     188       11.2942        11.5239        12.0580
     189       10.9112        11.4568        11.4247
     190       11.3193        11.8422        11.6690
     191       11.9018        12.3015        12.4497
     192       11.2252        11.6621        11.6389
     193       11.6831        12.3253        12.0493
     194       12.1206        12.5946        12.4906
     195       11.4249        11.7754        11.9902
     196       11.5476        12.1003        11.9264
     197       11.9061        12.3255        12.4325
     198       11.8611        12.3312        12.5375
     199       11.0809        11.5709        11.5076
     200       12.2453        12.6738        12.9268
     201       12.9517        13.3055        13.8168
     202       12.0521        12.3188        12.9237
     203       11.6214        12.1562        12.0788
     204       12.4384        12.7992        12.9796
     205       11.7007        12.1121        12.3241
     206       12.2835        12.7168        12.9023
     207       11.5530        12.0650        11.9928
     208       11.4689        11.7702        11.9136
     209       11.6758        11.9610        12.4939
     210       11.7244        12.2748        12.0661
     211       11.6943        12.0950        12.1955
     212       11.6854        11.9520        12.2369
     213       11.3132        11.6919        12.1062
     214       11.7807        11.8801        12.4570
     215       11.4112        11.4567        12.4971
     216       12.6752        12.8384        13.2715
     217       10.8674        11.1930        11.1333
     218       10.8217        10.8767        11.5724
     219       11.1508        11.0216        11.8931
     220       11.2729        11.6603        11.6322
     221       12.3462        12.9081        12.9112
     222       11.0694        11.6222        11.5303
     223       11.1905        11.3976        11.5738
     224       10.9391        11.2031        11.8140
     225       10.5721        10.7719        11.1431
     226       11.2224        11.9899        11.5240
     227       11.2446        11.7232        11.8067
     228       11.4469        11.8807        11.7758
     229       11.2089        11.2381        12.2427
     230       11.3723        11.7486        12.0911
     231       10.9662        11.3563        11.3161
     232       11.5151        11.9999        12.0338
     233       11.0092        11.7161        11.3737
     234       11.2238        11.4316        12.1968
     235       11.6411        11.7899        12.4796
     236       11.8655        12.2122        12.3822
     237       11.5210        11.6549        12.1116
     238       11.6602        12.1014        12.1817
     239       11.9014        12.2398        12.6582
     240       10.7187        11.1786        11.2881
     241       11.9570        12.4300        12.5343
     242       12.1802        12.4667        12.8286
     243       11.6857        12.0190        12.4751
     244       11.2147        11.7224        11.7702
     245       12.0777        12.4684        12.7051
     246       11.7167        12.1056        12.2577
     247       11.3996        11.6395        12.1896
     248       10.9407        11.3052        11.5519
     249       11.9096        12.1737        12.4081
     250       11.1212        11.6805        11.6564
     251       11.7729        12.0409        12.4605
     252       11.7532        12.5747        11.8291
     253       11.0573        11.4114        11.7018
     254       11.0161        11.4256        11.5438
     255       11.4118        12.1021        11.5455
     256       11.6796        12.1643        12.2621
     257       11.5492        11.7967        12.3527
     258       11.7695        12.2736        12.4199
     259       11.9114        12.1838        12.6984
     260       11.9321        12.1271        12.7110
     261       11.5438        11.9489        12.2570
     262       11.6439        12.0008        12.4562
     263       11.6572        12.0036        12.2988
     264       11.9061        12.2731        12.5537
     265       11.6455        12.1060        12.2986
     266       12.1669        12.7395        12.7067
     267       11.6420        12.2177        11.9946
     268       11.6688        12.0778        12.1757
     269       12.2590        13.1841        12.1940
     270       12.4890        13.0905        13.0557
     271       11.0259        11.3108        11.6983
     272       11.2384        11.4983        11.9222
     273       11.6672        12.1932        11.9143
     274       12.3884        12.5108        13.4250
     275       11.4368        12.0185        11.8815
     276       11.7102        12.3276        12.0201
     277       12.2877        12.6904        12.6690
     278       11.8398        12.6431        11.7632
     279       11.5204        12.1783        11.9443
     280       11.3486        11.6149        12.0221
     281       11.9269        12.2320        12.6089
     282       11.5811        12.0338        12.2976
     283       11.9133        12.3458        12.4973
     284       11.7198        12.0958        12.1498
     285       11.6862        12.0249        12.4393
     286       12.0375        12.4289        12.6449
     287       11.4473        11.9556        11.9854
     288       11.7306        12.0882        12.4400
     289       10.7929        11.2220        11.2580
     290       11.4703        11.9168        11.9873
     291       11.5963        11.6434        12.5676
     292       12.0298        12.5169        12.6353
     293       11.6644        12.1499        12.0381
     294       11.4394        11.9597        11.8208
     295       11.8676        12.6123        12.0197
     296       11.0422        11.6232        11.0717
     297       11.4908        12.1618        11.7340
     298       11.3900        11.4782        12.1631
     299       11.1814        11.8615        11.3087
     300       11.8827        12.4145        12.3033
     301       12.0213        11.5293        13.2858
     302       11.6305        11.2889        12.9405
     303       12.1823        11.9308        13.5253
     304       11.0522        10.5376        12.3239
     305       11.6787        11.4064        13.0246
     306       11.2363        10.8973        12.5300
     307       11.5415        11.3866        12.8185
     308       11.0267        10.6967        12.2912
     309       11.4359        11.0998        12.8065
     310       12.2594        12.6628        12.9471
     311       11.6380        12.2090        12.0523
     312       11.4712        11.5826        12.1210
     313       11.8902        11.5341        13.1953
     314       12.8067        13.3918        13.3363
     315       11.1229        11.2820        11.8217
     316       11.9692        11.6832        13.2509
     317       12.3295        11.9238        13.6196
     318       11.5428        11.4275        12.8055
     319       11.3240        11.2168        12.6081
     320       11.8015        11.5349        13.1190
     321       11.1654        10.7805        12.5231
     322       10.9912        10.4290        12.2238
     323       11.2132        10.7630        12.5285
     324       10.7382        10.2541        12.0032
     325       10.8172        10.4024        11.9673
     326       10.6173         9.9862        11.9085
     327       10.9000        10.2570        12.1151
     328       11.8019        11.5716        12.8684
     329       10.8630        10.2596        12.1296
     330       11.3022        10.7098        12.6469
     331       12.6349        12.4742        13.8564
     332       10.9987        10.5361        12.1955
     333       11.9854        11.7749        13.3070
     334       11.8705        12.3003        12.6619
     335       11.7932        12.1272        12.5202
     336       11.7594        11.8749        12.6677
     337       12.2024        12.6423        12.8561
     338       12.1546        12.5301        12.9417
     339       12.3925        13.0290        12.7679
     340       13.4664        14.3119        13.7569
     341       12.6706        12.8725        13.5745
     342       13.4990        14.1124        14.0972
     343       12.7591        13.4678        13.3698
     344       12.3069        12.4865        13.2331
     345       13.2827        13.9912        13.6601
     346       12.6594        13.0581        13.6391
     347       11.9904        12.5841        12.6043
     348       12.3562        12.4715        13.1036
     349       12.6570        12.5787        13.8684
     350       12.2007        12.2588        13.2680
     351       13.3242        13.7363        14.0573
     352       12.8632        12.9671        14.0401
     353       12.0422        11.5325        13.4380
     354       11.4876        11.1919        12.7056
     355       12.6605        12.6486        13.8990
     356       12.8876        13.5272        13.2659
     357       13.2260        13.7459        14.0785
     358       12.9322        13.5651        13.5635
     359       12.6179        12.3294        13.8750
     360       12.1033        12.5317        12.8408
     361       12.6009        13.1169        13.2808
     362       12.6965        12.5995        13.9278
     363       12.3673        12.4327        13.5436
     364       12.1396        12.0232        13.3441
     365       13.4291        13.8221        14.2801
     366       12.6278        12.9274        13.2920
     367       11.6571        11.9378        12.5096
     368       11.8084        12.1028        12.4673
     369       11.3843        11.7800        12.2386
     370       11.6634        11.8997        12.3669
     371       11.8439        12.2860        12.3719
     372       11.9394        12.1267        12.6465
     373       11.9957        12.3862        12.7785
     374       11.0496        11.3279        11.5623
     375       11.2370        11.7185        11.2815
     376       11.8666        12.1004        12.5765
     377       11.1677        11.5158        11.8101
     378       11.3868        11.8008        11.7259
     379       10.7204        11.1164        11.3671
     380       10.9722        11.4378        11.2389
     381       11.0930        11.3084        11.5375
     382       11.1055        11.7606        11.2660
     383       11.6471        11.8922        12.3849
     384       11.4369        11.4209        12.1341
     385       11.9243        12.2069        12.6496
     386       10.6422        10.8705        11.1946
     387       11.7778        11.9520        12.4172
     388       10.9641        11.1548        11.5241
     389       11.5085        11.9678        11.9903
     390       10.8266        11.4051        11.0310
     391       12.0079        12.4994        12.0900
     392       11.8661        12.2936        12.3648
     393       12.0774        12.6533        12.5029
     394       10.7330        11.4370        10.7312
     395       11.7081        11.8666        12.5810
     396       11.7874        12.5284        11.8070
     397       11.8594        12.1121        12.4195
     398       11.8572        12.4075        12.3167
     399       11.6623        12.4676        11.9516
     400       11.5490        12.0534        11.9752
     401       11.7353        12.3199        11.8747
     402       10.8853        11.1659        11.4297
     403       10.9529        11.3339        11.6601
     404       10.9557        11.1848        11.5682
     405       11.1446        11.5199        11.6005
     406       11.9289        12.4583        12.0676
     407       12.0048        12.1856        12.5701
     408       11.7189        12.2423        12.1373
     409       11.4007        11.8404        11.8866
     410       10.9224        11.3334        11.2556
     411       11.1463        11.6995        11.6931
     412       10.6676        10.9053        11.2736
     413       10.6334        11.1482        10.9422
     414       11.4310        11.9048        12.0541
     415       11.9616        12.3500        12.5880
     416       10.9358        11.4928        11.2188
     417       11.6111        12.1720        12.0120
     418       12.0158        12.5489        12.5092
     419       11.1742        11.6197        11.7561
     420       12.2364        12.5472        13.0599
     421       11.2087        11.3591        12.0095
     422       10.8331        11.1000        11.4375
     423       11.0206        11.4497        11.6916
     424       12.0584        12.5554        12.5182
     425       11.3827        11.7624        11.8481
     426       11.0934        11.4474        11.4086
     427       10.9623        11.6147        11.3253
     428       10.8686        11.2828        11.4151
     429       10.8735        11.3224        11.3358
     430       11.2138        11.8459        11.4299
     431       11.3587        11.4709        12.0298
     432       10.9500        11.0986        11.6012
     433       11.4330        11.6084        11.9903
     434       11.7881        12.0452        12.3258
     435       11.0238        11.3310        11.7831
     436       10.9556        11.3866        11.4371
     437       11.5311        11.5167        12.6883
     438       10.4964        10.5263        10.9611
     439       11.0352        11.1818        11.7051
     440       10.6238        10.8105        11.4262
     441       10.6572        10.7867        10.9868
     442       10.7740        10.6098        11.5711
     443       10.3325        10.3488        11.0089
     444       10.6941        10.8374        11.4261
     445       11.6158        11.8877        12.2324
     446       10.9757        11.3700        11.4788
     447       11.0475        11.3150        11.8244
     448       10.9891        11.4512        11.3696
     449       11.5733        11.9169        12.0288
     450       11.4067        11.8230        11.9584
     451       10.6309        10.7029        11.0252
     452       11.7543        12.2640        11.9306
     453       11.5789        12.0204        11.8665
     454       11.6376        11.5886        12.6268
     455       11.0702        11.3160        11.8902
     456       10.7965        11.0030        11.2437
     457       11.2103        11.8833        11.5007
     458       10.7858        10.9362        11.5042
     459       11.3054        11.4265        11.9204
     460       11.4066        11.5357        12.0620
     461       10.7148        10.0290        11.9087
     462       10.3759        10.2749        11.0769
     463       10.7195        10.7169        11.7760
     464       10.5623        10.4423        11.5785
     465       10.4621        10.7437        11.0302
     466       11.3406        11.3223        12.2377
     467       11.0154        11.1854        11.7819
     468       11.0321        11.2325        11.7573
     469       11.3747        11.9316        11.7889
     470       11.5977        11.4888        12.4975
     471       11.3202        11.5781        11.9258
     472       11.3360        11.7466        11.6731
     473       11.8670        12.3233        12.3465
     474       11.2064        11.2652        11.7942
     475       11.9323        12.3416        12.4309
     476       11.7744        12.4611        12.1546
     477       11.3854        11.9515        11.6605
     478       11.8511        11.8176        12.7059
     479       11.3451        11.7761        11.5951
     480       11.1189        11.8900        11.2764
     481       11.1592        11.5500        11.7016
     482       11.3469        11.6995        11.8489
     483       11.3576        11.6637        11.9507
     484       11.1559        11.8675        11.4083
     485       11.5266        12.0047        11.9157
     486       11.2572        11.3179        11.8938
     487       10.6121        10.9563        11.1480
     488       11.6816        12.1729        12.3077
     489       11.3933        11.6131        12.1187
     490       11.8435        11.7757        12.6262
     491       11.3297        11.7259        12.0185
     492       11.5659        11.9041        12.4111
     493       11.0803        10.9461        11.8114
     494       11.2629        11.3671        12.0778
     495       12.2837        12.4629        13.1667
     496       11.1385        11.4719        11.9612
     497       11.8635        12.1858        12.4245
     498       11.5663        11.9665        12.1032
     499       10.6741        10.7850        11.4589
     500       11.7210        11.8899        12.3686
     501       11.2506        11.9982        11.7292
     502       11.4294        11.6250        12.3142
     503       11.2219        11.5517        11.8429
     504       11.0168        11.1578        11.7711
     505       11.0613        11.4555        11.3742
     506       12.3722        12.8450        12.8010
     507       10.9051        10.5191        12.1864
     508       12.3241        12.1421        13.6377
     509       11.2422        11.6934        11.6901
     510       11.3804        11.8686        12.0218
     511       11.3148        11.4732        12.0570
     512       10.9148        11.1722        11.5696
     513       11.5736        12.0864        12.0071
     514       11.0065        11.4554        11.3729
     515       10.3005        10.4242        10.8722
     516       11.2844        11.5016        11.7177
     517       11.4794        12.0078        11.8148
     518       11.1761        11.7845        11.1987
     519       11.7596        12.1047        12.0711
     520       11.7413        11.4383        13.0552
     521       11.8470        11.5413        13.1376
     522       12.2730        11.9483        13.5598
     523       11.3681        11.0808        12.5902
     524       11.1823        11.6184        11.6442
     525       11.9462        12.1190        12.6708
     526       11.6916        11.2434        12.9424
     527       11.7540        11.5422        13.0685
     528       12.0746        11.7565        13.3814
     529       12.1740        12.4201        12.9870
     530       11.3265        12.0329        11.6167
     531       11.4046        11.6263        12.2188
     532       10.9815        11.2934        11.7159
     533       12.0160        12.4755        12.6731
     534       11.9423        12.3407        12.5087
     535       12.0490        12.4476        12.8317
     536       12.3534        12.3839        13.4820
     537       10.7224        10.2342        12.0274
     538       11.5413        11.3252        12.8855
     539       11.4400        11.3344        12.6347
     540       12.1708        11.8613        13.4824
     541       11.9175        12.4930        12.2963
     542       11.5780        12.1872        12.0124
     543       11.4075        11.8047        11.9887
     544       12.0347        12.5938        12.5411
     545       12.0168        12.3178        12.7340
     546       11.1244        11.5251        11.7589
     547       11.2999        11.5036        12.0578
     548       11.3190        10.9792        12.6545
     549       11.3969        11.0839        12.7112
     550       12.0880        11.7467        13.3572
     551       12.5904        12.5314        13.8234
     552       12.3612        11.9397        13.6808
     553       12.1763        11.7824        13.5159
     554       11.5441        11.0484        12.8331
     555       11.7130        11.2907        13.0296
     556       12.2551        12.0820        13.5066
     557       11.5561        10.9775        12.8915
     558       11.4701        11.3249        12.6823
     559       11.7664        11.3706        13.0745
     560       12.4353        12.4063        13.6481
     561       11.0534        10.7431        12.2791
     562       11.4491        11.0996        12.7436
     563       11.1429        10.7588        12.4497
     564       11.9503        11.5889        13.2423
     565       11.2924        10.9144        12.6129
     566       12.6961        12.3340        14.0271
     567       12.0184        11.7696        13.1610
     568       11.2667        11.4954        11.9318
     569       11.4679        11.5895        12.2682
     570       10.9422        11.0468        11.8327
     571       11.6232        11.9544        12.2961
     572       11.3935        11.5990        12.0101
     573       11.2101        11.5399        11.7559
     574       11.2436        11.5391        11.8383
     575       11.9936        12.2046        12.6866
     576       12.0881        12.6012        12.4168
     577       11.5661        12.1081        12.1645
     578       11.4220        11.8040        11.8559
     579       12.4626        12.7612        13.2875
     580       12.2858        12.6321        12.9410
     581       11.4560        11.3844        12.5360
     582       13.0751        13.4686        13.9073
     583       11.3823        10.8862        12.6349
     584       11.7061        11.0970        13.0399
     585       10.5138         9.8628        11.8586
     586       10.6394        10.1531        11.9320
     587       10.9019        10.4145        12.2258
     588       11.1126        10.8170        12.2980
     589       11.1355        10.7242        12.4138
     590       11.0758        10.4462        12.4688
     591       11.3056        11.0550        12.4921
     592       12.2847        11.9182        13.6544
     593       11.8945        11.4825        13.2533
     594       11.7375        11.3985        12.9997
     595       11.7036        11.3235        12.9950
     596       11.7423        11.2957        13.0774
     597        9.9592         9.4024        11.2372
     598       10.7561        10.1632        12.0664
     599       10.9631        10.2861        12.3104
     600       10.8720        10.2728        12.1315
     601       11.0857        10.6017        12.4035
     602       11.3995        10.7037        12.7469
     603       12.1671        11.5372        13.4508
     604       11.6000        10.9821        12.9447
     605       10.8003        10.2252        12.0645
     606       11.0437        10.5899        12.2380
     607       10.6579        10.1723        11.9680
     608       11.0597        10.4012        12.3741
     609       10.5702        10.1689        11.8305
     610       10.8092        10.3373        12.1346
     611       11.2991        10.8229        12.6519
     612       11.1885        10.6298        12.4826
     613       11.3638        10.9114        12.6791
     614       10.8484        10.4547        12.1026
     615       11.5408        11.9697        12.0978
     616       11.0192        11.2625        11.8156
     617       10.8749        11.3609        11.0123
     618       11.8494        12.3669        12.1654
     619       11.3096        11.5119        11.9618
     620       11.4078        11.4623        12.3506
     621       11.3491        11.5391        12.1873
     622       11.8916        12.0593        12.7134
     623       11.1381        11.5474        11.7983
     624       11.6119        12.0971        11.9740
     625       11.9342        12.3602        12.4117
     626       11.8122        12.2141        12.3328
     627       11.1472        11.3492        11.7568
     628       11.8519        12.1076        12.5308
     629       11.6835        11.9203        12.3916
     630       10.9487        11.1867        11.6218
     631       12.0189        12.6793        12.3413
     632       11.7809        12.1414        12.5747
     633       11.4849        12.0476        11.9527
     634       12.3205        12.8551        12.9014
     635       11.9370        12.3931        12.6151
     636       12.4123        12.6544        13.2334
     637       11.7471        12.2218        12.2821
     638       12.0460        12.3601        12.8343
     639       12.1025        12.7379        12.5256
     640       12.4023        12.7541        13.0835
     641       12.1721        12.4104        13.0267
     642       11.8586        11.9144        12.7028
     643       11.9627        12.3357        12.6405
     644       11.6526        11.9850        12.1455
     645       11.6974        12.1706        12.1606
     646       11.7550        12.3036        12.4093
     647       11.4478        11.8720        11.8703
     648       11.3833        11.7173        12.0923
     649       11.5615        11.7190        12.4229
     650       11.9474        12.2726        12.6095
     651       11.3444        11.7665        11.8753
     652       11.6154        12.0993        12.2849
     653       12.7211        13.3282        13.3660
     654       10.7134        10.9227        11.3171
     655       11.3909        12.0043        11.5693
     656       11.2776        11.6158        11.8268
     657       11.3513        11.8291        11.7234
     658       11.9762        12.3474        12.6800
     659       11.0086        11.1737        11.5775
     660       12.2653        12.7189        12.8962
     661       11.3927        11.6978        12.1866
     662       11.9963        12.2933        12.3585
     663       11.5209        11.5711        12.5211
     664       11.4821        12.0954        12.1083
     665       11.4155        11.7786        12.0494
     666       11.6228        12.1048        12.1277
     667       11.2260        11.3332        11.9630
     668       11.2908        11.5250        11.9264
     669       11.9406        12.2029        12.6242
     670       11.2668        11.6242        11.9684
     671       11.7132        12.2285        12.2179
     672       11.9308        12.3882        12.4983
     673       11.0593        11.1299        12.0303
     674       11.4230        11.8558        12.0444
     675       11.1642        11.7490        11.5037
     676       11.8741        12.4509        12.3404
     677       11.3885        12.0109        11.4531
     678       12.3419        12.6905        12.9676
     679       10.9147        11.6894        11.1999
     680       11.7995        12.4467        12.0832
     681       11.6736        12.0292        12.3126
     682       11.2436        11.6131        11.8190
     683       11.4674        11.8988        12.0459
     684       11.3123        11.4691        11.9603
     685       12.0720        12.3356        12.7776
     686       11.1647        11.4391        11.7551
     687       11.9248        11.9816        12.7504
     688       11.8041        12.5421        12.0845
     689       11.9902        12.2422        12.8275
     690       11.4704        11.9203        12.0153
     691       11.5595        12.1290        11.8883
     692       11.9389        12.3987        12.5224
     693       11.7418        12.2394        12.3535
     694       11.8050        12.1432        12.3832
     695       11.9548        12.4075        12.5003
     696       11.4852        11.6334        12.2973
     697       11.9326        12.4907        12.3578
     698       11.4912        11.9763        12.0549
     699       11.3569        11.5599        12.1378
     700       11.1613        11.5206        11.7748
     701       11.2578        11.7505        11.5960
     702       11.8474        11.9912        12.5627
     703       11.9466        12.0513        12.9051
     704       12.1360        12.3407        12.9087
     705       12.2939        12.7963        12.7409
     706       11.0094        11.5184        11.5157
     707       12.0298        12.3798        12.6343
     708       11.8817        11.8912        12.8393
     709       11.7279        12.2974        12.2688
     710       11.7429        12.2617        12.3771
     711       10.9944        11.0629        11.7808
     712       12.3755        12.7432        13.2649
     713       11.9376        12.0631        12.5302
     714       11.6415        12.1465        12.1046
     715       11.9360        12.1363        12.6531
     716       11.1660        11.7597        11.4701
     717       12.2311        12.6036        12.9982
     718       11.2563        11.5497        11.9487
     719       11.8839        12.1777        12.6659
     720       11.8832        12.2891        12.5158
     721       11.2583        11.4965        11.8965
     722       11.5526        11.7568        12.3785
     723       11.5310        11.7033        12.3223
     724       11.2354        11.2502        12.2574
     725       11.0784        11.5720        11.5139
     726       12.0006        12.4637        12.5972
     727       11.5177        11.7592        12.1069
     728       11.7237        11.2483        12.9884
     729       12.1090        12.0311        13.2267
     730       11.3687        11.1266        12.4907
     731       12.0842        11.7111        13.3239
     732       12.7877        12.5922        14.1155
     733       11.6492        11.3105        12.9437
     734       11.7948        11.4352        13.1096
     735       11.9407        12.2513        12.6822
     736       10.8651        10.9265        11.7917
     737        9.9625        10.3733        10.0745
     738       11.0309        11.0604        11.5150
     739       11.6424        11.7268        12.4285
     740       11.6500        11.7030        12.4224
     741       11.5355        11.6537        12.4031
     742       11.1588        11.3252        11.8700
     743       10.7746        11.0529        11.2881
     744       11.1898        11.4881        12.0365
     745       12.1326        12.5288        12.5914
     746       11.6972        12.3912        11.6456
     747       11.8986        12.2097        12.7975
     748       12.0946        12.2943        12.9534
     749       11.5580        12.0415        12.4607
     750       11.7931        12.2259        12.5179
     751       11.3085        11.5177        12.0708
     752       12.2746        12.7722        12.8310
     753       12.4131        13.0607        12.5846
     754       11.7838        12.0079        12.4961
     755       12.2257        12.8158        12.6263
     756       11.9152        12.2494        12.3968
     757       12.0686        12.4940        12.7140
     758       12.6084        13.0590        13.3960
     759       12.3418        12.8634        12.9044
     760       11.9502        12.5551        12.4990
     761       11.8636        12.0002        12.8225
     762       12.7744        13.2760        13.3755
     763       11.7935        12.1111        12.5442
     764       12.2648        12.5854        12.9074
     765       12.4679        12.7296        13.2760
     766       12.1840        12.7411        12.5997
     767       11.3560        11.4646        12.2606
     768       12.2438        12.4301        13.1251
     769       12.5762        12.8166        13.4526
     770       12.0491        12.3288        12.7881
     771       11.7892        11.9372        12.3826
     772       12.1255        12.4821        12.9314
     773       11.7948        12.0510        12.4842
     774       12.0569        12.5752        12.4700
     775       11.4266        11.9318        11.7698
     776       11.4080        11.9169        11.7228
     777       12.0420        12.1782        12.7054
     778       12.3727        12.7329        12.9457
     779       11.4224        11.6948        12.2724
     780       11.5127        12.0390        12.0908
     781       11.8926        12.2629        12.5031
     782       11.5024        12.0999        11.9978
     783       11.9086        12.4613        12.4000
     784       11.9401        12.4650        12.5425
     785       11.7633        12.0521        12.4047
     786       11.6556        12.1247        12.3138
     787       12.1450        12.5468        12.8528
     788       12.2093        12.6022        12.4512
     789       11.5316        12.1356        11.8794
     790       10.9163        11.3751        11.3207
     791       12.3139        12.6239        12.9675
     792       10.9565        10.9243        11.8294
     793       11.4702        12.0369        11.9709
     794       11.5592        11.9634        12.0796
     795       11.4011        11.6782        11.8561
     796       11.1277        11.2299        11.7425
     797       11.4153        11.7475        12.0988
     798       11.6076        12.0538        12.1564
     799       11.6671        12.0126        12.2359
     800       12.0466        12.2775        12.5651
     801       11.7618        12.0618        12.5073
     802       12.2733        12.1805        13.2149
     803       11.6688        11.9471        12.3158
     804       12.4437        12.5172        13.4057
     805       11.3375        11.7768        12.0969
     806       12.1930        12.5074        12.7653
     807       11.5539        11.8868        12.2674
     808       11.0685        11.1086        11.9635
     809       10.9305        11.7556        11.1633
     810       11.7654        12.0927        12.3968
     811       10.7116        11.2413        10.8072
     812       11.3368        11.6424        11.9723
     813       11.2238        11.3393        11.7433
     814       11.6573        12.0926        12.3309
     815       11.2965        11.5960        11.7387
     816       11.7110        12.2258        12.1152
     817       10.8547        11.5024        11.2818
     818       11.9683        12.4769        12.3713
     819       12.1011        12.4504        12.5958
     820       12.1969        12.5251        12.8455
     821       11.1163        11.6138        11.5133
     822       11.4652        12.0792        11.7951
     823       10.9298        11.4183        11.2862
     824       11.4136        11.7884        11.9473
     825       11.4493        11.9675        12.2880
     826       10.2642        10.4454        10.9072
     827       11.2029        11.6773        11.6364
     828       11.3281        11.7247        11.6654
     829       11.1336        11.4636        11.8678
     830       11.9261        12.3008        12.7652
     831       11.3922        11.8342        11.8811
     832       10.3775        10.7381        10.9100
     833       11.3234        11.8154        11.8076
     834       11.4892        11.8700        12.1091
     835       10.7388        11.0002        11.3983
     836       11.5061        11.7001        12.2213
     837       11.3644        11.6763        12.0128
     838       11.7373        12.2193        12.1964
     839       11.4215        11.8523        11.8374
     840       12.1683        12.5661        12.9008
     841       11.6253        11.9636        12.3517
     842       12.1360        12.5672        12.6564
     843       11.6130        11.9855        11.9712
     844       10.5925        11.0949        11.0177
     845       11.6003        12.2756        11.9033
     846       11.9127        12.3738        12.4951
     847       12.0236        12.5466        12.6151
     848       12.5320        13.1215        12.9289
     849       11.8879        12.6053        12.1736
     850       11.7309        12.2867        11.8401
     851       11.5868        12.0776        12.0077
     852       12.4124        12.7276        13.0030
     853       11.7412        12.3020        12.0901
     854       12.5376        12.7553        13.2650
     855       11.5553        11.9390        12.1709
     856       11.6215        12.1607        11.9708
     857       12.2600        12.6247        12.8027
     858       11.5231        11.6549        12.4243
     859       11.4418        12.0435        11.8032
     860       11.7018        12.2706        12.2933
     861       11.3303        11.8977        11.7709
     862       11.5581        11.8559        12.1761
     863       12.1632        12.9365        12.4032
     864       12.1112        12.3451        12.9188
     865       12.0658        12.7094        12.4975
     866       11.2045        11.6384        11.8464
     867       11.2895        11.8864        11.4954
     868       12.3034        12.5403        13.0676
     869       12.1889        12.5796        12.5293
     870       11.7401        12.0324        12.5513
     871       12.0750        12.1643        12.9025
     872       11.3052        11.3967        12.2920
     873       11.0377        11.2513        11.6518
     874       11.1543        11.4260        11.8258
     875       11.1931        11.6979        11.6773
     876       11.6670        11.9168        12.3618
     877       11.9591        12.3803        12.5365
     878       11.8376        12.2001        12.3195
     879       12.1152        12.4325        12.8636
     880       12.1051        12.2804        13.1119
     881       11.4777        11.9315        11.8136
     882       11.6569        12.1241        11.9291
     883       11.4503        11.7636        11.9579
     884       11.3591        11.8275        11.8777
     885       12.5784        12.8791        13.3311
     886       11.4169        11.8093        11.8711
     887       11.9964        12.5175        12.4243
     888       11.5367        11.9388        12.1526
     889       11.0793        11.4319        11.5242
     890       11.6613        11.8004        12.4151
     891       12.0338        12.2307        12.6938
     892       11.5982        11.9993        12.1122
     893       12.2961        12.7287        13.0537
     894       11.3140        11.6843        11.9571
     895       10.8113        11.1104        11.4519
     896       11.9659        12.3096        12.5212
     897       11.6910        11.8887        12.1640
     898       10.9328        11.0711        11.5725
     899       12.1404        12.5417        12.4933
     900       11.9421        12.4074        12.3213
     901       11.5152        11.7179        12.3311
     902       11.0623        11.2637        11.8323
     903       11.1910        11.3608        11.9156
     904       11.7039        12.1118        12.1746
     905       11.7701        11.9677        12.4141
     906       11.8344        12.0713        12.3906
     907       11.2876        11.4640        12.1015
     908       12.1938        12.3267        13.2312
     909       11.3837        12.0410        11.6800
     910       11.4429        11.6903        12.3064
     911       11.7543        12.2214        12.2314
     912       12.0555        12.3910        12.8847
     913       11.8796        12.3903        12.3302
     914       11.5932        11.9197        12.3323
     915       11.5186        11.6570        12.2766
     916       11.4506        11.9716        11.9853
     917       11.5410        11.8553        12.0710
     918       11.0032        11.1505        11.7736
     919       10.7908        11.2647        11.2864
     920       10.8314        10.8495        11.6858
     921       10.4581        10.6734        11.0266
     922       11.8998        12.4062        12.2187
     923       11.8264        11.9677        12.5116
     924       11.6101        11.8873        12.3462
     925       11.4543        11.5950        12.1452
     926       11.3787        11.8126        11.7710
     927       10.9006        11.5573        11.1066
     928       11.5790        12.2769        11.6156
     929       10.8586        11.2323        11.6088
     930       11.0257        11.7099        11.1998
     931       11.8151        12.0976        12.4207
     932       11.7605        12.1009        12.3808
     933       11.7647        11.9141        12.6062
     934       11.8334        12.3669        12.2679
     935       12.2154        12.6377        12.5600
     936       11.4844        11.7626        12.1622
     937       11.5643        11.7001        11.9719
     938       11.8071        11.9945        12.4296
     939       11.5534        11.9418        12.3192
     940       10.4730        10.7665        10.9725
     941       10.7208        11.0034        11.1127
     942       12.0107        12.0314        12.7684
     943       11.1263        11.5709        11.4059
     944       10.8374        11.2192        11.5365
     945       11.4754        11.9152        12.0027
     946       11.0427        11.4377        11.3663
     947       12.1415        12.3487        12.7712
     948       11.4997        12.1799        12.0100
     949       11.4546        11.8704        11.7477
     950       11.8348        12.3677        12.3305
     951       12.0133        12.3766        12.6003
     952       12.4795        12.8567        13.2130
     953       11.8458        12.0400        12.7722
     954       11.4566        11.7225        12.0801
     955       11.1077        11.5404        11.7443
     956       11.2090        11.9038        11.5633
     957       10.8572        10.9008        11.4358
     958       11.8590        12.2507        12.5063
     959       11.8373        12.1363        12.4682
     960       11.4829        11.8089        12.1003
     961       11.5080        12.0182        11.9103
     962       11.4304        11.5747        12.1844
     963       10.7481        10.8991        11.2044
     964       11.1943        10.8440        12.5121
     965       11.8529        12.1455        12.7597
     966       11.1060        11.6810        11.6088
     967       11.9069        12.3372        12.2501
     968       12.1735        12.7046        12.6655
     969       12.1411        12.4687        12.8372
     970       11.6084        11.9748        12.2506
     971       11.2560        11.5042        12.0025
     972       10.9987        11.2358        11.7798
     973       12.2106        12.3505        13.0204
     974       11.8286        11.9607        12.4710
     975       11.5074        12.2459        11.6850
     976       11.2687        11.9514        11.6397
     977       12.0835        12.5780        12.5309
     978       12.2142        12.3862        13.1425
     979       12.6218        13.1390        13.3664
     980       11.3396        11.7993        11.9267
     981       11.9970        12.5079        12.6802
     982       11.5239        11.8470        12.4220
     983       11.4649        11.7396        12.3163
     984       11.8371        12.4523        12.3565
     985       11.9299        12.4703        12.3206
     986       12.4124        13.0143        12.9574
     987       11.7844        12.3308        12.1787
     988       12.5485        12.9601        13.0675
     989       11.6560        11.8768        12.3011
     990       11.4405        11.7854        11.8689
     991       11.6533        12.1738        12.0001
     992       10.8491        11.1016        11.3516
     993       12.1242        12.5702        12.5935
     994       11.3590        11.7536        11.8871
     995       11.4579        11.8972        11.8870
     996       10.6096        10.8652        11.2020
     997       10.4268        10.7473        10.9630
     998       11.4124        11.9570        11.6534
     999       11.6467        12.0315        12.3254
    1000       11.5142        11.9837        12.0472
