#Frame      Mn1_His95    Mn1_His97   Mn1_His140   Mn1_Glu101
       1       2.4464       2.2793       2.2215       1.9831
       2       2.3885       2.2342       2.3511       1.9200
       3       2.4313       2.1723       2.2196       2.0925
       4       2.2019       2.3354       2.4327       2.0187
       5       2.3814       2.3027       2.2731       2.0109
       6       2.5589       2.5201       2.2651       1.9944
       7       2.4132       2.1753       2.1958       2.0314
       8       2.4708       2.2789       2.0940       1.9833
       9       2.2797       2.2715       2.3527       2.0688
      10       2.3406       2.1568       2.2889       1.9724
      11       2.2998       2.2931       2.1759       2.1075
      12       2.3961       2.3808       2.3186       1.9820
      13       2.4301       2.3605       2.2136       2.1527
      14       2.5197       2.1698       2.1400       2.0090
      15       2.3851       2.3894       2.1917       1.9694
      16       2.4252       2.3799       2.1257       1.9918
      17       2.5458       2.2810       2.2215       1.9779
      18       2.4600       2.1440       2.4011       2.0817
      19       2.5067       2.2724       2.2304       2.0174
      20       2.3945       2.2502       2.2064       1.9811
      21       2.3837       2.3416       2.1467       2.0809
      22       2.4846       2.3264       2.0315       2.0437
      23       2.3361       2.2061       2.2483       1.9483
      24       2.0830       2.1810       2.1897       2.1579
      25       2.4681       2.2256       2.2118       2.0946
      26       2.4847       2.4668       2.2401       2.0117
      27       2.3955       2.3714       2.2249       1.9807
      28       2.5020       2.1550       2.2208       2.1616
      29       2.2514       2.3551       2.0132       2.0381
      30       2.2004       2.2519       2.3352       2.1037
      31       2.2407       2.3119       2.2576       2.0526
      32       2.1250       2.3136       2.1317       2.0477
      33       2.4068       2.2094       2.2571       2.0601
      34       2.4781       2.1893       2.3352       2.1263
      35       2.1091       2.4189       2.2310       2.1683
      36       2.4673       2.0802       2.2663       2.0232
      37       2.5164       2.3008       2.2218       2.0820
      38       2.3564       2.3857       2.2349       1.9431
      39       2.4446       2.1958       2.2900       1.9353
      40       2.4050       2.1954       2.1197       2.1468
      41       2.3564       2.0679       2.2860       2.0273
      42       2.4837       2.3198       2.2151       2.0729
      43       2.4579       2.2407       2.2959       2.1072
      44       2.3131       2.3021       2.1755       2.1001
      45       2.4670       2.1843       2.2642       2.0562
      46       2.5163       2.3641       2.3433       2.2605
      47       2.2464       2.4036       2.3813       1.9970
      48       2.2490       2.1625       2.2202       2.1184
      49       2.4412       2.3313       2.1241       2.1345
      50       2.3398       2.2385       2.2505       2.0859
      51       2.4583       2.1962       2.1516       2.0832
      52       2.3614       2.2239       2.3560       2.0452
      53       2.3654       2.2772       2.2537       2.0259
      54       2.4795       2.3692       2.2942       2.0356
      55       2.3791       2.2842       2.0893       1.8996
      56       2.3185       2.3452       2.3467       2.0161
      57       2.2878       2.2413       2.2912       1.9775
      58       2.4640       2.2886       2.2933       1.9080
      59       2.4225       2.2861       2.0882       2.1159
      60       2.1167       2.2093       2.2396       2.0029
      61       2.3148       2.2486       2.3615       2.1901
      62       2.1886       2.3309       2.1231       2.1153
      63       2.3110       2.2983       2.2067       1.9651
      64       2.3261       2.1731       2.3663       2.1298
      65       2.2910       2.2897       1.9829       2.1781
      66       2.5080       2.1173       2.3233       1.9784
      67       2.1325       2.2038       2.2805       2.2109
      68       2.3215       2.2474       2.2147       2.0468
      69       2.3873       2.2476       2.2381       2.1234
      70       2.5987       2.1548       2.2189       2.0692
      71       2.3741       2.1942       2.1427       2.0177
      72       2.2549       2.2844       2.2926       2.0635
      73       2.5451       2.3332       2.2963       2.0312
      74       2.1923       2.3565       2.1962       2.0920
      75       2.4664       2.2889       2.2383       2.0593
      76       2.2664       2.2130       2.3354       1.9903
      77       2.3747       2.4201       2.2854       2.0390
      78       2.3723       2.2774       2.1233       2.0194
      79       2.4351       2.1966       2.1643       2.0489
      80       2.4130       2.4223       2.0543       1.8813
      81       2.5087       2.2666       2.2597       2.0649
      82       2.4967       2.3444       2.1973       2.0318
      83       2.5402       2.0955       2.2188       2.0544
      84       2.5004       2.2683       2.1264       2.0339
      85       2.6508       2.2107       2.3728       2.0123
      86       2.3546       2.2271       2.3677       1.9191
      87       2.4229       2.2154       2.4280       2.1221
      88       2.3049       2.3476       2.2527       2.1613
      89       2.3720       2.3654       2.2742       2.0870
      90       2.4916       2.2334       2.2434       2.1341
      91       2.3623       2.1703       2.2214       1.9331
      92       2.3752       2.2240       2.2624       2.0263
      93       2.5082       2.3306       2.2486       1.9027
      94       2.4966       2.1781       2.1603       1.9396
      95       2.2267       2.3388       2.3269       2.2347
      96       2.2889       2.3751       2.2315       1.9519
      97       2.4887       2.2350       2.2326       2.0981
      98       2.1810       2.3587       2.2253       2.0936
      99       2.3762       2.2576       2.2432       2.0333
     100       2.1877       2.3429       2.2342       2.1701
     101       2.4247       2.3172       2.2197       2.1265
     102       2.5581       2.3718       2.2855       1.9641
     103       2.2772       2.2856       2.2206       2.0737
     104       2.5286       2.3027       2.2643       1.8769
     105       2.3973       2.3112       2.2391       2.0165
     106       2.5543       2.2507       2.1548       2.0753
     107       2.4273       2.1380       2.2940       2.1287
     108       2.6525       2.2014       2.1131       2.1739
     109       2.4652       2.3336       2.0845       2.1044
     110       2.3322       2.3097       2.3163       2.0432
     111       2.2246       2.3872       2.0567       2.0112
     112       2.5684       2.3561       2.1081       1.9619
     113       2.4436       2.1727       2.3751       2.0060
     114       2.5012       2.1060       2.1642       1.9465
     115       2.4899       2.3641       2.1310       2.1160
     116       2.4454       2.3524       2.2369       2.0933
     117       2.3032       2.2821       2.3243       2.0283
     118       2.2982       2.1628       2.2534       2.0936
     119       2.2899       2.4072       2.3997       2.0181
     120       2.3289       2.4124       2.3553       1.8918
     121       2.3929       2.1297       2.2472       2.0168
     122       2.4052       2.2542       2.2476       2.0855
     123       2.4510       2.2494       2.3050       2.2062
     124       2.3745       2.2805       2.1538       2.2457
     125       2.6580       2.3414       2.3480       2.0489
     126       2.3483       2.3432       2.2326       1.9164
     127       2.3608       2.4927       2.1688       2.0320
     128       2.3971       2.3904       2.1904       2.0497
     129       2.4925       2.2604       2.2642       2.0659
     130       2.5125       2.1906       2.2129       2.0723
     131       2.5410       2.1930       2.2707       2.1236
     132       2.4420       2.2452       2.2399       2.0805
     133       2.4351       2.2353       2.2701       2.1725
     134       2.2167       2.4126       2.4440       2.0578
     135       2.4730       2.1663       2.2001       2.0334
     136       2.3893       2.3383       2.1539       2.0346
     137       2.5204       2.3902       2.4247       2.1433
     138       2.2905       2.2494       2.2364       2.0560
     139       2.3628       2.2919       2.3488       2.1167
     140       2.3427       2.2602       2.1905       2.1711
     141       2.1970       2.3651       2.2122       2.0080
     142       2.3922       2.1041       2.2815       2.2439
     143       2.3746       2.2195       2.3446       2.0096
     144       2.5006       2.1989       2.2981       2.1123
     145       2.4247       2.3046       2.2836       2.0146
     146       2.5210       2.3494       2.1739       2.0422
     147       2.5276       2.3377       2.2022       1.9664
     148       2.5714       2.0933       2.3534       2.0242
     149       2.4263       2.2775       2.1071       2.0845
     150       2.3476       2.1106       2.3022       1.9571
     151       2.3129       2.2169       2.0837       2.1527
     152       2.3802       2.2857       2.3174       2.0096
     153       2.3673       2.3856       2.2031       2.0422
     154       2.4510       2.2117       2.2970       2.1723
     155       2.4799       2.1763       2.1865       1.9912
     156       2.4576       2.1205       2.3669       2.0389
     157       2.3782       2.3287       2.1561       2.0571
     158       2.3478       2.2783       2.3537       1.9820
     159       2.2659       2.1612       2.1145       2.0748
     160       2.2876       2.3318       2.2467       2.0037
     161       2.3545       2.3392       2.1801       2.0467
     162       2.4552       2.0999       2.1140       2.1139
     163       2.3726       2.2488       2.2154       2.1117
     164       2.5211       2.3333       2.2540       2.1337
     165       2.5440       2.2594       2.1402       2.2738
     166       2.3759       2.2989       2.3418       2.1791
     167       2.3536       2.2889       2.2118       2.0572
     168       2.3747       2.2075       2.3308       2.1064
     169       2.4244       2.1171       2.2740       2.0409
     170       2.6043       2.3699       2.1254       2.2122
     171       2.4833       2.2123       2.1737       2.0058
     172       2.4780       2.3123       2.2775       2.1981
     173       2.3469       2.2949       2.2318       2.0435
     174       2.4677       2.2460       2.3551       2.0179
     175       2.6325       2.2877       2.4105       2.0839
     176       2.4164       2.1446       2.1672       2.0432
     177       2.3235       2.3786       2.2917       1.9618
     178       2.3575       2.0978       2.2553       2.0410
     179       2.3610       2.1632       2.3329       1.9644
     180       2.4348       2.2746       2.1220       1.9570
     181       2.6316       2.0723       2.1695       2.0201
     182       2.1135       2.2961       2.2998       2.1611
     183       2.3326       2.2500       1.9605       1.9698
     184       2.4058       2.2731       2.1650       1.9623
     185       2.3200       2.2245       2.2916       2.1092
     186       2.3986       2.1561       2.3735       2.1998
     187       2.1389       2.3298       2.2265       2.0499
     188       2.2305       2.3629       2.3579       2.3132
     189       2.4969       2.3225       2.2180       2.1009
     190       2.3575       2.1663       2.2228       2.0790
     191       2.1729       2.2151       2.1485       2.2952
     192       2.3065       2.4564       2.1656       2.1039
     193       2.3944       2.0853       2.3552       2.1481
     194       2.3238       2.2502       2.1838       2.1281
     195       2.1209       2.3105       2.1080       2.1354
     196       2.2090       2.3119       2.2387       2.0366
     197       2.5111       2.1298       2.1536       1.9863
     198       2.3979       2.2797       2.1061       2.1478
     199       2.4079       2.1923       2.2133       2.0981
     200       2.2258       2.1270       2.1373       2.0316
     201       2.4836       2.1078       2.2934       2.1401
     202       2.3840       2.3961       2.1710       2.0442
     203       2.4716       2.0798       2.2561       2.0614
     204       2.6260       2.1694       2.0284       2.0421
     205       2.3954       2.2340       2.3133       2.1578
     206       2.4170       2.3568       2.3512       2.0145
     207       2.4667       2.1536       2.3049       1.9438
     208       2.3460       2.3921       2.2678       2.0376
     209       2.5759       2.1923       2.2216       1.9746
     210       2.3972       2.1326       2.2714       2.0527
     211       2.7226       2.0374       2.3284       2.0290
     212       2.4268       2.3729       2.2341       2.0935
     213       2.5323       2.3223       2.2567       2.1413
     214       2.2948       2.3264       2.3057       2.0491
     215       2.2699       2.2145       2.1523       2.0206
     216       2.3755       2.1372       2.2782       2.2218
     217       2.5648       2.1625       2.3204       2.0034
     218       2.3650       2.1966       2.2247       2.1086
     219       2.3704       2.2413       2.2854       2.1113
     220       2.2921       2.4097       2.2956       2.0079
     221       2.4582       2.1575       2.4258       2.0069
     222       2.4376       2.1830       2.2467       2.0829
     223       2.4659       2.2553       2.3275       2.0447
     224       2.2761       2.1862       2.3091       2.1203
     225       2.1476       2.3449       2.3278       2.0085
     226       2.2192       2.4406       2.2353       2.0690
     227       2.4118       2.2902       2.0989       2.0134
     228       2.3420       2.2025       2.0846       2.1569
     229       2.3316       2.2789       2.1870       2.0543
     230       2.6553       2.1359       2.2838       2.0764
     231       2.4561       2.2933       2.1603       2.1443
     232       2.4239       1.8999       2.2411       2.0699
     233       2.4236       2.1894       2.3203       2.1185
     234       2.4107       2.3324       2.1514       2.1276
     235       2.4265       2.1759       2.2340       2.0567
     236       2.3339       2.2970       2.0410       2.1069
     237       2.3984       2.1595       2.2156       1.9189
     238       2.5006       2.2757       2.2034       1.9852
     239       2.4635       2.3555       2.3137       2.0456
     240       2.2982       2.2362       2.1943       2.0710
     241       2.3532       2.2650       2.2137       2.0132
     242       2.1824       2.3028       2.2014       2.0321
     243       2.3190       2.2136       2.3345       2.2315
     244       2.5320       2.2902       2.2005       2.0695
     245       2.4019       2.2421       2.3244       2.0880
     246       2.6143       2.3379       2.1038       2.0577
     247       2.3858       2.1539       2.3458       2.0364
     248       2.4675       2.1571       2.2887       2.0646
     249       2.4121       2.2672       2.1846       2.0446
     250       2.4914       2.2823       2.1971       2.3232
     251       2.4491       2.2428       2.3096       1.9444
     252       2.6343       2.1729       2.2602       1.9660
     253       2.3224       2.1674       2.3770       2.1518
     254       2.5503       2.1705       2.3216       1.9740
     255       2.2920       2.2981       2.2299       2.0470
     256       2.3810       2.0508       2.1030       2.1195
     257       2.2519       2.2504       2.3373       2.1170
     258       2.3244       2.3464       2.2877       2.1038
     259       2.4919       2.2639       2.2034       2.0338
     260       2.2983       2.2665       2.5363       1.9250
     261       2.3414       2.3970       2.2701       2.0998
     262       2.3745       2.2373       2.2734       2.0728
     263       2.1670       2.3717       2.3605       2.2330
     264       2.3682       2.2470       2.1618       1.9667
     265       2.2777       2.2469       2.2381       2.1641
     266       2.4649       2.1190       2.1563       2.0944
     267       2.6013       2.1989       2.2731       2.1074
     268       2.1920       2.2393       2.2260       1.9037
     269       2.5982       2.1478       2.1628       1.9842
     270       2.4779       2.1392       2.1802       2.1353
     271       2.4938       2.3179       2.4145       2.0208
     272       2.4931       2.3722       2.3555       2.0062
     273       2.3624       2.5136       2.3380       2.0266
     274       2.3899       2.1775       2.3106       2.0660
     275       2.6328       2.3056       2.0941       2.1869
     276       2.4170       2.2964       2.2001       2.0585
     277       2.4383       2.3101       2.2889       1.9449
     278       2.3403       2.1519       2.1363       1.9686
     279       2.5099       2.1672       2.2023       2.1237
     280       2.4415       2.3429       2.3129       2.1757
     281       2.5490       2.2771       2.2695       2.0568
     282       2.3742       2.1859       2.2165       2.1353
     283       2.5524       2.0684       2.2288       2.0858
     284       2.4145       2.2640       2.4641       2.0460
     285       2.2240       2.3692       2.2317       2.0772
     286       2.3963       2.2949       2.2383       2.0405
     287       2.3162       2.2512       2.3790       1.9353
     288       2.4728       2.2750       2.3071       2.0987
     289       2.6267       2.2398       2.2177       1.9776
     290       2.4473       2.3068       2.1996       2.0008
     291       2.5453       2.2961       2.0100       2.1642
     292       2.2131       2.1949       2.1561       2.0639
     293       2.3317       2.4695       2.3058       2.0626
     294       2.3666       2.2921       2.1003       2.0428
     295       2.3798       2.2601       2.2358       1.9105
     296       2.5930       2.1932       2.1990       2.1163
     297       2.4393       2.1052       2.2243       2.1774
     298       2.3123       2.3030       2.2317       2.1272
     299       2.3635       2.1386       2.3380       1.9952
     300       2.3693       2.3567       2.3752       1.9288
     301       2.0987       2.2869       2.2056       2.2431
     302       2.4458       2.1591       2.1962       2.0885
     303       2.4718       2.2203       2.2373       2.0670
     304       2.4471       2.2320       2.3264       1.9841
     305       2.3639       2.3221       2.2735       1.9181
     306       2.3876       2.2361       2.1835       1.9897
     307       2.3890       2.1709       2.2411       1.9593
     308       2.5180       2.0899       2.2181       1.9062
     309       2.2894       2.2474       2.1292       2.0744
     310       2.2530       2.1160       2.1010       2.0712
     311       2.6158       2.1354       2.1284       2.0493
     312       2.2449       2.3902       2.1770       1.9534
     313       2.2408       2.2580       2.2637       2.2033
     314       2.5403       2.1973       2.1538       2.0139
     315       2.3194       2.1648       2.3557       2.1096
     316       2.3915       2.2110       2.4406       2.1565
     317       2.2622       2.3129       2.1786       2.1020
     318       2.3150       2.2031       2.3264       2.0543
     319       2.3980       2.1957       2.4441       1.9284
     320       2.2148       2.3975       2.0892       2.0895
     321       2.2491       2.1447       2.1444       2.1268
     322       2.1340       2.2922       2.3119       2.1100
     323       2.6607       2.2755       2.2365       2.0564
     324       2.2643       2.2876       2.2719       1.8636
     325       2.4318       2.3316       2.1853       1.8926
     326       2.1195       2.2174       2.1975       1.9713
     327       2.5784       2.1153       2.2091       2.0674
     328       2.5086       2.2417       2.2194       2.0806
     329       2.3454       2.2134       2.2956       2.0236
     330       2.4483       2.3194       2.0026       2.0200
     331       2.4601       2.3348       2.1970       2.0685
     332       2.5701       2.2675       2.1552       1.9538
     333       2.4933       2.2479       2.2688       2.1592
     334       2.5831       2.0606       2.3450       1.8698
     335       2.3864       2.2229       2.1884       2.0688
     336       2.4186       2.2987       2.3223       2.1253
     337       2.6840       2.1526       2.2328       2.1605
     338       2.4088       2.1855       2.3475       2.0144
     339       2.3806       2.2526       2.2579       2.2072
     340       2.4657       2.2363       2.2379       2.0416
     341       2.3793       2.4029       2.1531       1.9548
     342       2.3774       2.3346       2.2200       1.8494
     343       2.2898       2.3336       2.2623       2.0963
     344       2.5103       2.1615       2.4409       2.2065
     345       2.3933       2.3324       2.0538       2.0268
     346       2.6764       2.4683       2.2266       2.0095
     347       2.4491       2.1682       2.2454       2.0658
     348       2.3477       2.2303       2.3618       2.0667
     349       2.4522       2.1079       2.0430       2.1496
     350       2.4387       2.2297       2.3908       2.0157
     351       2.3348       2.2631       2.2841       2.1288
     352       2.3247       2.2171       2.1003       2.0216
     353       2.5084       2.2503       2.2411       1.9602
     354       2.4301       2.2845       2.2606       2.0693
     355       2.2071       2.2381       2.2917       1.9683
     356       2.4203       2.3044       2.2724       1.8785
     357       2.3451       2.2146       2.2952       2.2037
     358       2.5714       2.1882       2.3745       2.0484
     359       2.4637       2.2052       2.1708       1.9622
     360       2.4853       2.1515       2.2818       1.9628
     361       2.5581       2.3012       2.2367       2.0067
     362       2.3076       2.2940       2.0972       2.2375
     363       2.3397       2.3854       2.3138       2.0198
     364       2.5255       2.1901       2.2269       2.0265
     365       2.7139       2.4506       2.2571       2.0139
     366       2.2830       2.2785       2.0470       2.0369
     367       2.3129       2.3526       2.1441       1.9082
     368       2.6672       2.3756       2.1288       2.1901
     369       2.3869       2.1946       2.1300       2.0837
     370       2.4699       2.2740       2.3446       1.9768
     371       2.4615       2.2170       2.3074       2.1972
     372       2.3349       2.2734       2.1330       2.1703
     373       2.4385       2.2872       2.2787       2.1116
     374       2.4890       2.2345       2.3425       1.9476
     375       2.5033       2.2492       2.2141       2.1491
     376       2.4227       2.2506       2.1845       2.1646
     377       2.4442       2.2229       2.3474       2.0192
     378       2.2642       2.2915       2.3078       2.0756
     379       2.6497       2.1516       2.3284       2.0571
     380       2.3727       2.2609       2.2800       2.1650
     381       2.4107       2.3228       2.4063       2.0809
     382       2.3844       2.3802       2.2623       1.9914
     383       2.3876       2.2357       2.1974       1.9572
     384       2.3612       2.2622       2.1365       1.9879
     385       2.4150       2.1968       2.3041       2.0746
     386       2.3400       2.2916       2.3389       2.0108
     387       2.3263       2.2379       2.1612       2.0870
     388       2.3920       2.2981       2.2211       1.9981
     389       2.3793       2.1294       2.2591       2.0338
     390       2.4002       2.1750       2.1116       2.1008
     391       2.4189       2.2049       2.1787       2.0015
     392       2.3978       2.2222       2.1519       2.1629
     393       2.3758       2.2655       2.3874       2.0251
     394       2.5046       2.0766       2.1522       1.8924
     395       2.4242       2.1629       2.2464       2.1165
     396       2.6380       2.1894       2.1589       2.1197
     397       2.2784       2.2128       2.2191       2.2099
     398       2.2715       2.3010       2.1439       2.0105
     399       2.4487       2.4075       2.3385       2.0590
     400       2.6168       2.3135       2.1223       2.0712
     401       2.3387       2.3045       2.1790       2.0884
     402       2.1774       2.2891       2.2158       1.9918
     403       2.2710       2.3232       2.1755       2.1160
     404       2.3453       2.0554       2.3959       2.0525
     405       2.4913       2.2187       2.2535       2.0753
     406       2.4809       2.2588       2.2502       2.1017
     407       2.4386       2.2081       2.2543       2.0341
     408       2.5190       2.1120       2.3098       1.9997
     409       2.3455       2.3664       2.1932       1.8972
     410       2.4167       2.2041       2.3884       2.0045
     411       2.3883       2.2952       2.2579       1.9909
     412       2.3239       2.4916       2.2090       2.2513
     413       2.3430       2.2201       2.2864       2.0893
     414       2.3961       2.2054       2.3008       2.0699
     415       2.3989       2.0350       2.2474       2.0403
     416       2.4388       2.3233       2.2772       2.1812
     417       2.3227       2.1507       2.0766       2.1119
     418       2.4321       2.2865       2.2325       2.0948
     419       2.5014       2.2441       2.2377       2.2177
     420       2.5706       2.2464       2.1492       1.9617
     421       2.5660       2.2253       2.3314       2.1174
     422       2.4264       2.4014       2.2950       1.9233
     423       2.4104       2.2859       2.3120       2.1304
     424       2.4175       2.1293       2.2405       1.8477
     425       2.4803       2.2266       2.2412       2.1453
     426       2.2282       2.1381       2.3497       2.1344
     427       2.4157       2.3510       2.3790       2.1991
     428       2.3195       2.3023       2.3674       1.9825
     429       2.3058       2.1617       2.3000       1.9337
     430       2.3227       2.3983       2.1490       2.0234
     431       2.3903       2.1202       2.2660       1.8907
     432       2.3184       2.1390       2.2099       1.9272
     433       2.4187       2.2500       2.3178       2.0826
     434       2.3542       2.2342       2.3393       2.0454
     435       2.3778       2.2442       2.2161       1.9184
     436       2.1542       2.3228       2.1989       2.1556
     437       2.1475       2.2844       2.1774       1.8725
     438       2.3267       2.2144       2.1554       2.1135
     439       2.5400       2.1682       2.3030       2.0963
     440       2.4412       2.3081       2.2692       2.0576
     441       2.3414       2.2906       2.3135       2.2138
     442       2.3533       2.1453       2.1647       1.9531
     443       2.4603       2.3072       2.2510       2.0291
     444       2.3798       2.2729       2.2734       2.1231
     445       2.2259       2.2072       2.1302       2.1344
     446       2.4367       2.1644       2.1151       2.1212
     447       2.4517       2.2170       2.3057       2.1069
     448       2.4497       2.2086       2.1248       1.9392
     449       2.3654       2.3813       2.3206       2.0727
     450       2.3726       2.2573       2.2591       2.0029
     451       2.3516       2.2849       2.3573       2.0279
     452       2.4067       2.4442       2.1816       2.1972
     453       2.2598       2.2799       2.0695       1.8529
     454       2.5531       2.2801       2.2039       2.0354
     455       2.4567       2.2326       2.2071       2.0744
     456       2.2856       2.1821       2.1673       2.0829
     457       2.4088       2.3035       2.1322       2.0052
     458       2.3921       2.1795       2.2559       2.2048
     459       2.4668       2.3233       2.2216       1.8991
     460       2.5458       2.3005       2.2823       1.9662
     461       2.4849       2.3535       2.1721       2.0594
     462       2.5334       2.2045       2.1814       2.0152
     463       2.2790       2.3137       2.2950       2.0280
     464       2.4970       2.3198       2.3438       1.9877
     465       2.1979       2.1925       2.1623       2.1747
     466       2.3253       2.2717       2.3074       2.2140
     467       2.2449       2.3531       2.2559       1.9470
     468       2.3991       2.1722       2.2391       2.0250
     469       2.3318       2.3070       2.1810       2.0714
     470       2.5055       2.0813       2.2021       2.0819
     471       2.3999       2.2490       2.0298       2.1109
     472       2.3646       2.3273       2.3684       2.0985
     473       2.3743       2.3192       2.4114       2.0366
     474       2.4655       2.2772       2.1152       1.9474
     475       2.3206       2.2215       2.2901       2.2056
     476       2.3155       2.3532       2.1868       2.0858
     477       2.3418       2.3555       2.1621       2.0643
     478       2.4580       2.2115       2.1137       2.0642
     479       2.4446       2.3141       2.4202       2.1223
     480       2.3511       2.3799       2.1857       1.9016
     481       2.4042       2.1564       2.2382       1.9533
     482       2.2404       2.2784       2.1684       1.9581
     483       2.6251       2.2261       2.2636       2.0706
     484       2.6023       2.3106       2.2896       2.0365
     485       2.1733       2.3142       2.1157       2.1473
     486       2.3565       2.2412       2.2089       2.1741
     487       2.5991       2.1759       2.1926       2.0189
     488       2.2382       2.3503       2.2394       2.2153
     489       2.3194       2.2247       2.0987       2.1205
     490       2.4484       2.3047       2.3236       2.1164
     491       2.1844       2.1214       2.2081       2.1732
     492       2.1988       2.2562       2.3198       2.0229
     493       2.2133       2.2879       2.1555       2.0378
     494       2.4118       2.2927       2.3306       2.1308
     495       2.3537       2.3893       2.2644       2.0125
     496       2.1847       2.3229       2.3357       2.0920
     497       2.4205       2.2900       2.1250       2.0791
     498       2.4667       2.1704       2.2281       2.1489
     499       2.3926       2.1733       2.0162       1.9080
     500       2.2677       2.3207       2.2582       2.1188
     501       2.4769       2.2498       2.2868       1.9885
     502       2.3958       2.1744       2.0409       1.9927
     503       2.3433       2.1950       2.1099       1.9431
     504       2.4361       2.0972       2.2671       1.9806
     505       2.4957       2.2521       2.2496       2.1564
     506       2.3757       2.2988       2.1555       2.0653
     507       2.3231       2.3181       2.4423       2.0233
     508       2.4940       2.3729       2.3309       2.1166
     509       2.3479       2.1663       2.3188       1.9304
     510       2.3311       2.4157       2.2929       2.1075
     511       2.4386       2.2113       2.2158       2.0738
     512       2.2534       2.3161       2.1668       2.1148
     513       2.4321       2.1536       2.2279       2.2128
     514       2.3623       2.3804       2.3202       1.8667
     515       2.3260       2.2344       2.2450       1.9819
     516       2.3481       2.3523       2.3017       2.0417
     517       2.4765       2.2403       2.2945       1.9069
     518       2.1792       2.5895       2.0616       2.0209
     519       2.2697       2.2331       2.2350       2.0560
     520       2.2198       2.2721       2.2221       1.9913
     521       2.5710       2.1165       2.0687       1.9201
     522       2.4324       2.1502       2.4886       1.9889
     523       2.3795       2.1426       2.2551       2.1809
     524       2.1259       2.2726       2.2318       1.9381
     525       2.3962       2.0778       2.4056       2.0641
     526       2.1908       2.2546       2.1463       2.1237
     527       2.3870       2.3178       2.1882       2.1550
     528       2.3257       2.1855       2.3587       2.1485
     529       2.4467       2.1751       2.2847       2.0618
     530       2.4813       2.2694       2.0779       2.1922
     531       2.6780       2.2910       2.0938       1.9518
     532       2.2386       2.5194       2.2462       1.9587
     533       2.4326       2.3545       2.0954       2.0367
     534       2.2846       2.2299       2.2528       1.9926
     535       2.5258       2.1093       2.2202       1.9835
     536       2.6424       2.4788       2.2306       1.9138
     537       2.4251       2.3602       2.3361       2.0790
     538       2.4785       2.3681       2.0977       1.8431
     539       2.3232       2.2139       2.2833       2.0986
     540       2.5557       2.1760       2.4217       2.0151
     541       2.5275       2.2863       2.1704       2.1237
     542       2.4551       2.3472       2.2718       1.8984
     543       2.3246       2.2985       2.1634       2.1140
     544       2.4353       2.2958       2.2821       2.0613
     545       2.3359       2.1346       2.1541       1.9740
     546       2.3204       2.1623       2.2447       2.0569
     547       2.4637       2.3680       2.2077       2.0103
     548       2.2636       2.2561       2.0287       2.0493
     549       2.3947       2.1072       2.2867       1.9954
     550       2.3082       2.3420       2.2091       1.9081
     551       2.5384       2.1748       2.0763       1.9865
     552       2.3264       2.3590       2.1470       1.9932
     553       2.3419       2.3065       2.2713       2.0243
     554       2.3796       2.3956       2.2666       2.1567
     555       2.2568       2.1532       2.1165       1.8600
     556       2.3833       2.3487       2.1517       2.0294
     557       2.1718       2.3920       2.2203       2.0422
     558       2.3840       2.1225       2.3824       2.0797
     559       2.3873       2.1526       2.1129       1.9945
     560       2.6601       2.3344       2.0183       2.0765
     561       2.4362       2.0575       2.2787       2.0432
     562       2.3057       2.3377       2.4193       2.2100
     563       2.2200       2.2324       2.2738       2.1306
     564       2.2710       2.1382       2.2382       1.9652
     565       2.4556       2.2052       2.0794       2.0861
     566       2.2866       2.3843       2.1611       2.0120
     567       2.4165       2.3269       2.3086       1.8999
     568       2.3054       2.2773       2.3062       2.1878
     569       2.4529       2.3600       2.2794       2.0798
     570       2.2137       2.1117       2.3367       2.0155
     571       2.3271       2.2782       2.2134       2.0454
     572       2.1738       2.1839       2.1628       2.1777
     573       2.3541       2.0721       2.1305       2.0890
     574       2.2362       2.2783       2.1456       2.1142
     575       2.4873       2.2329       2.2662       2.1437
     576       2.3193       2.2128       2.4115       2.0314
     577       2.4460       2.4290       2.2257       2.0476
     578       2.3285       2.1438       2.2927       2.0934
     579       2.3214       2.3753       2.3286       2.1318
     580       2.4792       2.2880       2.2310       2.1104
     581       2.4940       2.2562       2.1645       2.0168
     582       2.2835       2.4783       2.2232       1.9900
     583       2.2199       2.3474       2.3527       1.9897
     584       2.3878       2.2842       2.3804       2.0895
     585       2.3431       2.4301       2.2946       2.1262
     586       2.2177       2.2845       2.3516       1.9614
     587       2.3236       2.0625       2.1966       2.0704
     588       2.4212       2.3668       2.2599       1.9513
     589       2.4278       2.0795       2.2054       2.1388
     590       2.3370       2.4349       2.3373       2.1840
     591       2.4445       2.2973       2.1774       1.9522
     592       2.5500       2.2277       2.1677       2.0449
     593       2.4078       2.2734       2.3945       2.0390
     594       2.3532       2.1800       2.0937       2.1294
     595       2.5465       2.3107       2.1796       2.0664
     596       2.4279       2.2675       2.1717       2.0440
     597       2.4845       2.2069       2.3655       2.0287
     598       2.4531       2.1865       2.1277       2.2386
     599       2.4033       2.3185       2.3390       2.0845
     600       2.3916       2.3532       2.1147       2.0271
     601       2.3606       2.4025       2.2579       1.9205
     602       2.3717       2.2728       2.3398       2.1566
     603       2.3376       2.2266       2.2537       1.9412
     604       2.3551       2.3321       2.1913       2.0536
     605       2.0803       2.2279       2.0757       2.0568
     606       2.6106       2.2682       2.2165       2.0115
     607       2.4421       2.2476       1.9900       2.1149
     608       2.5098       2.2919       2.1560       2.0303
     609       2.3863       2.1788       2.3040       2.0624
     610       2.2391       2.3398       2.4085       2.1979
     611       2.3098       2.2291       2.2935       2.0699
     612       2.1824       2.3048       2.1121       2.0159
     613       2.2124       2.3972       2.2655       2.1187
     614       2.4966       2.2050       2.2483       2.0234
     615       2.3832       2.1591       2.4093       1.9932
     616       2.2624       2.3841       2.2584       1.9895
     617       2.5855       2.2066       2.2878       2.0393
     618       2.6308       2.0454       2.1526       2.1858
     619       2.5000       2.1361       2.1964       2.0036
     620       2.1712       2.3767       2.2645       1.9963
     621       2.3366       2.4872       2.2716       2.0799
     622       2.1672       2.4146       2.1298       2.1210
     623       2.4072       2.2449       2.1349       2.0589
     624       2.1988       2.3208       2.2384       2.1209
     625       2.0910       2.3565       2.2030       2.0218
     626       2.4020       2.3115       2.1632       2.1280
     627       2.5861       2.2276       2.4716       2.0666
     628       2.3730       2.2997       2.2159       2.0620
     629       2.4162       2.2091       2.1824       2.1661
     630       2.3842       2.3040       2.2817       2.2581
     631       2.3366       2.2066       2.0447       2.0145
     632       2.3705       2.3165       2.1736       2.0478
     633       2.2109       2.3800       2.2585       2.0775
     634       2.3580       2.1890       2.2757       2.0466
     635       2.2089       2.1955       2.2992       2.0043
     636       2.3191       2.2699       2.1740       1.9800
     637       2.3265       2.3855       2.3025       2.0901
     638       2.1307       2.3924       2.1054       2.1148
     639       2.3282       2.2503       2.1886       1.9867
     640       2.2933       2.1740       2.2452       1.9644
     641       2.3696       2.3317       2.0614       2.0418
     642       2.3813       2.2135       2.3084       2.0667
     643       2.4468       2.3032       2.3684       2.0148
     644       2.1825       2.4028       2.3826       1.9590
     645       2.3107       2.4610       2.1448       2.0603
     646       2.4512       2.2506       2.2385       2.1518
     647       2.4578       2.3877       2.2150       1.9889
     648       2.4729       2.0721       2.3439       2.0925
     649       2.4634       2.1308       2.3310       2.0035
     650       2.4005       2.3505       2.1634       2.0740
     651       2.3825       2.2028       2.2686       2.1534
     652       2.5493       2.1917       2.1895       2.0192
     653       2.5125       2.1778       2.3394       2.1487
     654       2.4217       2.2884       2.2307       2.1979
     655       2.2880       2.0765       2.1653       2.0670
     656       2.3609       2.1362       2.2139       2.0551
     657       2.4604       2.3414       2.3038       2.1306
     658       2.5256       2.3337       2.3002       2.0310
     659       2.4175       2.2495       2.2085       2.1961
     660       2.4427       2.2461       2.2897       2.1226
     661       2.3275       2.3407       2.1951       2.1892
     662       2.3390       2.2340       2.2063       1.9366
     663       2.2942       2.4127       2.1029       2.0667
     664       2.1417       2.3579       2.3431       1.9947
     665       2.3877       2.2466       2.0161       2.0945
     666       2.2262       2.2944       2.2455       2.1089
     667       2.8524       2.3281       2.1189       2.0634
     668       2.2490       2.3154       2.1447       1.9417
     669       2.3847       2.1781       2.2924       2.1317
     670       2.2913       2.2648       2.1736       2.1385
     671       2.2237       2.2831       2.3052       2.0102
     672       2.5288       2.1110       2.1867       2.0817
     673       2.2922       2.1894       2.2215       1.9426
     674       2.2673       2.4111       2.2137       2.2033
     675       2.2839       2.1661       2.2963       2.2235
     676       2.4895       2.2419       2.1626       2.0832
     677       2.6063       2.1913       2.2786       2.0110
     678       2.2852       2.3217       2.1355       2.0334
     679       2.5511       2.1409       2.2550       2.0776
     680       2.1832       2.2906       2.2895       2.1558
     681       2.3718       2.2238       2.3040       2.1569
     682       2.2514       2.2400       2.3658       1.9880
     683       2.1300       2.2303       2.3395       2.2181
     684       2.3786       2.3058       2.3787       2.0125
     685       2.4279       2.2946       2.1831       2.0104
     686       2.4327       2.2451       2.2969       1.9723
     687       2.4747       2.2138       2.3988       2.0436
     688       2.5697       2.1828       2.2520       1.9894
     689       2.6924       2.2493       2.1814       2.0250
     690       2.4599       2.0457       2.2346       2.0646
     691       2.5016       2.3699       2.3773       2.1707
     692       2.2773       2.2162       2.4485       2.2095
     693       2.3288       2.1984       2.2443       2.0373
     694       2.5603       2.3481       2.3472       2.0568
     695       2.3465       2.3021       2.3060       2.0654
     696       2.3488       2.3881       2.1552       2.1186
     697       2.2614       2.3362       2.2233       2.1332
     698       2.4349       2.2704       2.2964       2.0260
     699       2.1926       2.3746       2.3225       2.1945
     700       2.5248       2.2288       2.1987       1.9559
     701       2.6272       2.2680       2.1805       2.0920
     702       2.3090       2.2533       2.2141       1.9537
     703       2.1192       2.3235       2.3187       2.0306
     704       2.3385       2.2460       2.2113       2.0202
     705       2.4111       2.1879       2.2611       1.9523
     706       2.3095       2.1983       2.3044       2.0562
     707       2.2675       2.2970       2.3909       1.9477
     708       2.2243       2.4412       2.2588       2.1838
     709       2.3543       2.1996       2.2588       1.9703
     710       2.1784       2.2142       2.3805       1.9781
     711       2.2814       2.3211       2.3522       2.0205
     712       2.0764       2.5287       2.2669       2.1693
     713       2.3960       2.2655       2.0750       1.9556
     714       2.4394       2.1570       2.3165       1.9350
     715       2.4814       2.2621       2.1714       1.8250
     716       2.2727       2.2108       2.2248       2.0444
     717       2.3953       2.2560       1.9806       2.0569
     718       2.3271       2.3009       2.0955       1.9602
     719       2.3701       2.3988       2.2080       2.0220
     720       2.3341       2.3413       2.0749       2.0920
     721       2.5031       2.1049       2.0618       2.1701
     722       2.3071       2.2320       2.2085       2.0083
     723       2.1656       2.3667       2.2543       2.1537
     724       2.5881       2.3115       2.2441       2.1210
     725       2.5102       2.2660       2.4253       2.0582
     726       2.3166       2.4665       2.2148       2.0389
     727       2.3755       2.1730       2.3098       2.0417
     728       2.3604       2.5021       2.2286       2.0596
     729       2.4323       2.2663       2.1710       2.2275
     730       2.4958       2.0560       2.4095       2.0660
     731       2.4723       2.2307       2.2027       2.0376
     732       2.4239       2.2803       2.2457       2.1023
     733       2.3673       2.3322       2.2397       2.0393
     734       2.5118       2.2243       2.1804       2.0106
     735       2.5862       2.2717       2.2318       2.1228
     736       2.4715       2.2975       2.1223       2.0139
     737       2.3059       2.2814       2.1397       2.0975
     738       2.1774       2.2511       2.3278       2.0932
     739       2.4437       2.2155       2.1783       1.9316
     740       2.3690       2.3090       2.2760       2.0081
     741       2.4261       2.1511       2.1929       2.0608
     742       2.3243       2.2156       2.1617       2.1098
     743       2.3696       2.4047       2.2717       2.0850
     744       2.3292       2.2667       2.2607       1.9197
     745       2.4826       2.1433       2.1149       2.0124
     746       2.5989       2.3195       2.3629       2.0794
     747       2.4187       2.1259       2.0774       2.0961
     748       2.3355       2.2436       2.2465       2.1892
     749       2.1350       2.3127       2.2008       2.1191
     750       2.2861       2.1847       2.1994       1.8771
     751       2.3097       2.4131       2.2620       2.0157
     752       2.2743       2.4515       2.2599       2.0523
     753       2.2122       2.3507       2.2287       1.9640
     754       2.4674       2.2714       2.1384       2.0842
     755       2.4998       2.1479       2.2647       2.0750
     756       2.1283       2.3022       2.3292       2.1271
     757       2.3710       2.1257       2.1552       1.9900
     758       2.0662       2.4842       2.0682       2.0683
     759       2.3774       2.2555       2.3845       2.0699
     760       2.2716       2.3332       2.2621       2.1156
     761       2.3707       2.2435       2.1695       2.0133
     762       2.4440       2.2776       2.1935       2.1260
     763       2.3180       2.3447       2.2096       2.0516
     764       2.2812       2.2915       2.3803       2.0824
     765       2.2907       2.3402       2.1585       2.0128
     766       2.4465       2.2965       2.2037       2.0244
     767       2.5042       2.2276       2.1974       2.0539
     768       2.5551       2.2516       2.5224       1.9478
     769       2.2246       2.3168       2.2026       2.1422
     770       2.3711       2.2551       2.1942       2.1494
     771       2.3211       2.3070       2.2484       2.0926
     772       2.5333       2.2453       2.2354       2.0428
     773       2.3608       2.2733       2.3557       2.1012
     774       2.5848       2.2622       2.2159       2.1447
     775       2.3697       2.3569       2.2635       1.8740
     776       2.4029       2.3287       2.2664       2.0670
     777       2.2604       2.2798       2.1525       2.0803
     778       2.2668       2.2089       2.2793       2.0558
     779       2.6312       2.2505       2.2614       2.0654
     780       2.3318       2.1826       2.2875       2.0193
     781       2.3071       2.3240       2.4101       2.0247
     782       2.3288       2.2469       2.3384       1.9730
     783       2.2509       2.1150       2.1965       2.1797
     784       2.5376       2.2142       2.2694       1.9667
     785       2.2806       2.2425       2.1555       2.1080
     786       2.3703       2.2878       2.2158       2.1036
     787       2.3192       2.2582       2.1406       2.0862
     788       2.3464       2.3401       2.2012       2.0212
     789       2.2061       2.2668       2.2882       1.9641
     790       2.4838       2.1831       2.3318       2.0843
     791       2.3383       2.2050       2.2695       2.0141
     792       2.3977       2.2071       2.3956       2.0792
     793       2.4889       2.2017       2.2799       2.1086
     794       2.2807       2.1394       2.2483       2.0436
     795       2.2401       2.3414       2.1691       2.1600
     796       2.3692       2.2769       2.3987       2.1655
     797       2.4567       2.1880       2.4114       2.1339
     798       2.4584       2.2377       2.3124       2.1414
     799       2.3657       2.1738       2.3766       2.0339
     800       2.4049       2.2935       2.1976       2.1266
     801       2.2612       2.3054       2.2887       2.0842
     802       2.2479       2.3600       2.2998       1.8822
     803       2.3100       2.2916       2.2113       2.0954
     804       2.3964       2.2246       2.1974       2.0829
     805       2.6167       2.2284       2.1910       2.0747
     806       2.2723       2.3707       2.3130       2.1103
     807       2.3685       2.1083       2.2593       1.9226
     808       2.3045       2.5068       2.0822       2.0689
     809       2.4814       2.1852       2.1607       2.0325
     810       2.2562       2.3656       2.1950       2.0265
     811       2.4719       2.3253       2.2332       2.0157
     812       2.3353       2.2334       2.2411       2.1376
     813       2.3299       2.3234       2.3393       1.9967
     814       2.5271       2.3557       2.3560       2.2712
     815       2.4658       2.2532       2.4103       2.0181
     816       2.4913       2.1597       2.2185       1.9016
     817       2.5128       2.4441       2.2208       2.1251
     818       2.3592       2.2784       2.1928       2.0428
     819       2.4429       2.4060       2.2797       2.1451
     820       2.4834       2.2465       2.1005       2.0305
     821       2.4293       2.2133       2.0311       2.0582
     822       2.3910       2.2648       2.3058       2.1101
     823       2.2438       2.3306       2.2772       2.1354
     824       2.3878       2.2980       2.1545       1.9751
     825       2.3981       2.0641       2.2685       2.0099
     826       2.3948       2.2037       2.1883       2.1554
     827       2.4516       2.4415       2.2890       2.0616
     828       2.5905       2.1987       2.1341       2.1408
     829       2.5619       2.4326       2.4118       2.1636
     830       2.4059       2.3549       2.2866       1.9676
     831       2.3880       2.3043       2.2283       1.9493
     832       2.5428       2.3449       2.1573       2.0406
     833       2.6077       2.2201       2.2823       2.1371
     834       2.3389       2.2380       2.2482       2.1044
     835       2.3887       2.4040       2.1311       2.0655
     836       2.3236       2.3405       2.2820       2.0288
     837       2.7224       2.1295       2.2406       1.9409
     838       2.1709       2.3140       2.1139       2.1041
     839       2.4106       2.3535       2.2506       2.0057
     840       2.5371       2.3159       2.1498       1.9650
     841       2.2983       2.2423       2.1519       2.1068
     842       2.3270       2.2624       2.2515       2.1099
     843       2.4059       2.2274       2.1893       2.1524
     844       2.3026       2.2736       2.3317       1.9418
     845       2.4226       2.2463       2.2296       2.0636
     846       2.1939       2.3066       2.1510       2.0915
     847       2.2221       2.3365       2.3319       2.0976
     848       2.4169       2.3449       2.1149       2.0254
     849       2.6255       2.1766       2.3584       2.0196
     850       2.6733       2.1762       2.1026       2.0935
     851       2.3833       2.1407       2.1970       2.0811
     852       2.5160       2.2415       2.3469       2.0186
     853       2.4349       2.3339       2.2629       2.0997
     854       2.3664       2.2832       2.1449       2.0075
     855       2.3032       2.3912       2.1964       2.0809
     856       2.5664       2.2632       2.4561       1.9585
     857       2.4183       2.2284       2.1954       2.0394
     858       2.4229       2.3720       2.2314       2.0115
     859       2.1255       2.1678       2.1443       2.1810
     860       2.4499       2.2027       2.2460       2.0696
     861       2.2453       2.3142       2.1671       2.1302
     862       2.4728       2.2999       2.0645       2.1702
     863       2.5952       2.0536       2.2295       2.0157
     864       2.2801       2.4637       2.1771       2.0686
     865       2.4814       2.2943       2.3536       2.1656
     866       2.3381       2.3620       2.2367       2.0522
     867       2.3969       2.2751       2.2451       1.9881
     868       2.3398       2.2578       2.1676       2.1022
     869       2.5809       2.1880       2.4654       1.9775
     870       2.3032       2.2621       2.2504       2.0736
     871       2.3294       2.3007       2.2207       2.1121
     872       2.3041       2.2930       2.0549       2.0080
     873       2.5001       2.1940       2.2741       2.0664
     874       2.2884       2.3596       2.2744       2.0759
     875       2.2666       2.2250       2.2728       1.9995
     876       2.4951       2.3406       2.4995       2.1487
     877       2.5251       2.2572       2.3187       2.0885
     878       2.3827       2.2634       2.3242       2.1193
     879       2.1891       2.3714       2.3207       2.1263
     880       2.5782       2.2733       2.3091       2.0877
     881       2.2957       2.1839       2.3171       1.9163
     882       2.4176       2.3051       2.1645       2.1177
     883       2.4933       2.2022       2.3802       2.1501
     884       2.3769       2.2402       2.2660       2.0657
     885       2.3606       2.1030       2.2324       1.9921
     886       2.4824       2.3752       2.1397       2.0643
     887       2.3930       2.2104       2.2418       2.1297
     888       2.3973       2.2689       2.2382       2.1487
     889       2.4033       2.4110       2.1958       2.1221
     890       2.1831       2.2994       2.2389       2.1333
     891       2.5002       2.2584       2.1146       2.1391
     892       2.2888       2.3403       2.2340       1.9041
     893       2.2581       2.3129       2.2202       2.0407
     894       2.4006       2.3046       2.2926       2.0853
     895       2.4363       2.2919       2.1165       2.1449
     896       2.5684       2.4062       2.2854       1.9326
     897       2.1821       2.2769       2.2552       2.2120
     898       2.3736       2.2192       2.2568       1.9814
     899       2.3725       2.1277       2.3026       2.0192
     900       2.3199       2.2567       2.3488       2.0922
     901       2.5645       2.2418       2.1116       1.9951
     902       2.5197       2.2123       2.3249       2.0617
     903       2.4133       2.3875       2.1787       1.9657
     904       2.2490       2.3718       2.2905       2.0923
     905       2.1662       2.3088       2.1741       1.9052
     906       2.5166       2.2581       2.2287       1.9887
     907       2.3891       2.3036       2.3021       2.0409
     908       2.2871       2.1884       2.2476       2.1292
     909       2.3621       2.3868       2.2283       2.0723
     910       2.2476       2.1035       2.3133       2.2054
     911       2.1882       2.2715       2.2247       2.1535
     912       2.4138       2.1708       2.2481       2.1280
     913       2.5057       2.2889       2.1006       2.0878
     914       2.3601       2.4603       2.2388       1.9816
     915       2.4458       2.2783       2.3681       2.0598
     916       2.1995       2.2589       2.2334       2.2474
     917       2.5702       2.3770       2.1560       1.9988
     918       2.4952       2.1839       2.5108       1.9431
     919       2.2874       2.4021       2.4034       2.0782
     920       2.2988       2.1282       2.3019       2.0798
     921       2.4213       2.2467       2.3016       2.1363
     922       2.5086       2.0334       2.2351       2.0896
     923       2.4777       2.2377       2.1305       2.0199
     924       2.4160       2.1428       2.2806       2.1595
     925       2.4000       2.4077       2.1469       2.0520
     926       2.3183       2.3392       2.3847       2.0907
     927       2.2374       2.2283       2.4113       1.9934
     928       2.3839       2.3676       2.2342       2.0541
     929       2.3892       2.2512       2.2011       2.1275
     930       2.2807       2.3831       2.3347       2.0674
     931       2.1878       2.1883       2.1951       2.1502
     932       2.2943       2.2968       2.2254       2.0511
     933       2.5324       2.2551       2.3323       2.0665
     934       2.2664       2.2590       2.3516       1.9632
     935       2.4231       2.2589       2.2459       2.0725
     936       2.4657       2.2300       2.3340       2.0159
     937       2.3042       2.2360       2.3241       1.9855
     938       2.5732       2.3509       2.3715       2.0910
     939       2.3245       2.2588       2.2973       2.1515
     940       2.3179       2.1985       2.2850       2.1436
     941       2.2847       2.1384       2.1886       2.1897
     942       2.4901       2.1718       2.3170       2.0887
     943       2.4363       2.2333       2.3616       2.0974
     944       2.5344       2.3091       2.1937       2.1681
     945       2.4325       2.3393       2.3429       2.0659
     946       2.5085       2.1657       2.1245       1.9510
     947       2.5679       2.1971       2.2867       2.0048
     948       2.4171       2.2207       2.3557       2.0177
     949       2.3077       2.2176       2.2887       2.1808
     950       2.2087       2.3374       2.2621       2.1725
     951       2.4276       2.3198       2.1930       2.1135
     952       2.4459       2.1986       2.2465       2.0166
     953       2.1884       2.2234       2.2715       2.0719
     954       2.3535       2.1543       2.2306       2.0394
     955       2.3237       2.2411       2.1544       2.1029
     956       2.4447       2.4059       2.1861       2.0100
     957       2.3182       2.3724       2.2376       1.9754
     958       2.4138       2.2155       2.1385       2.0673
     959       2.2975       2.4190       2.2661       2.0054
     960       2.2479       2.3052       2.1113       2.1082
     961       2.3697       2.3121       2.3678       2.0891
     962       2.4127       2.2541       2.2508       2.0301
     963       2.4273       2.1719       2.1270       2.0216
     964       2.3418       2.2109       2.1226       1.9639
     965       2.3415       2.2430       2.2866       2.2051
     966       2.2743       2.2829       2.1296       2.1878
     967       2.2055       2.3424       2.0253       2.1633
     968       2.4158       2.3559       2.1236       2.0911
     969       2.5699       2.1433       2.2345       2.0232
     970       2.3608       2.1972       2.2053       2.1165
     971       2.3886       2.4125       2.0544       1.9301
     972       2.2345       2.3753       2.3301       2.0186
     973       2.3498       2.4259       2.1466       2.0361
     974       2.4066       2.4709       2.2771       1.9615
     975       2.3078       2.3152       2.2246       2.0452
     976       2.2596       2.1371       2.1890       2.0145
     977       2.3680       2.3930       2.2079       1.9934
     978       2.2493       2.5183       2.1834       1.9611
     979       2.4923       2.2680       2.1859       2.0885
     980       2.3317       2.1648       2.2982       2.0911
     981       2.2180       2.2730       2.2914       2.0856
     982       2.4315       2.3259       2.1694       2.1534
     983       2.4799       2.2305       2.3261       1.9633
     984       2.3251       2.3379       2.3237       1.9880
     985       2.4710       2.3252       2.1951       2.1406
     986       2.4630       2.3882       2.3199       2.0636
     987       2.3276       2.1953       2.1305       2.0077
     988       2.2316       2.2346       2.3370       1.9376
     989       2.3586       2.2192       2.2188       2.0302
     990       2.5886       2.3167       2.2924       1.9536
     991       2.4848       2.3125       2.3158       1.9355
     992       2.4065       2.2961       2.1866       2.0880
     993       2.4348       2.2138       2.1543       2.0082
     994       2.2542       2.2554       2.1927       2.1998
     995       2.3504       2.5009       2.2453       2.0185
     996       2.2253       2.2998       2.2585       2.0299
     997       2.6167       2.2882       2.4385       2.1367
     998       2.2778       2.2614       2.2967       2.2239
     999       2.4364       2.2101       2.1455       2.1549
    1000       2.2682       2.2035       2.3087       2.1418
