#Frame      Mn1_Ox_OZ    Mn1_Ox_OY    Mn1_Ox_OX
       1       2.1477       4.1373       2.1459
       2       2.0971       4.1165       2.3053
       3       2.1778       4.1571       2.3561
       4       2.1636       4.1333       2.5799
       5       2.1735       4.1165       2.3623
       6       2.0433       3.9637       2.4173
       7       2.0938       4.1506       2.3834
       8       2.1559       4.1113       2.5204
       9       2.1506       3.9553       2.2189
      10       2.0619       4.0128       2.4147
      11       2.1194       4.0979       2.3503
      12       2.0760       4.1475       2.3529
      13       1.9820       3.9368       2.3219
      14       1.9938       4.0118       2.3818
      15       2.1136       3.9449       2.4292
      16       2.1346       4.0695       2.2486
      17       2.0162       4.1393       2.5171
      18       2.1488       4.0289       2.2530
      19       2.0140       3.9818       2.3604
      20       2.0446       3.9448       2.2730
      21       1.9883       4.0159       2.3806
      22       2.0152       3.9997       2.4276
      23       2.0072       3.9721       2.2763
      24       2.1098       4.0936       2.3955
      25       2.0433       4.0847       2.2889
      26       2.0760       4.1557       2.4273
      27       2.0386       4.0258       2.3522
      28       2.0906       4.0022       2.2698
      29       2.0201       3.9455       2.3967
      30       2.0035       4.0518       2.5145
      31       2.1193       4.1406       2.3000
      32       2.1259       4.0931       2.4102
      33       2.1645       4.0725       2.4322
      34       2.0809       4.0157       2.0360
      35       2.1612       3.9984       2.5097
      36       2.1510       4.0809       2.3036
      37       2.1081       3.9360       2.3591
      38       2.1974       4.0871       2.4737
      39       2.1127       4.0210       2.2569
      40       2.1442       4.1259       2.4700
      41       2.0523       3.9676       2.1956
      42       2.0825       3.9761       2.4293
      43       1.9457       3.8605       2.2154
      44       2.0058       3.9841       2.2992
      45       1.9989       3.9372       2.2204
      46       2.0457       4.0803       2.4788
      47       2.2749       4.1535       2.3210
      48       2.1592       4.0456       2.3287
      49       2.0806       4.0547       2.3636
      50       2.1398       4.0724       2.3988
      51       1.8495       3.7984       2.2644
      52       2.0685       4.0503       2.3012
      53       2.1976       4.1258       2.3616
      54       2.1776       4.1185       2.3782
      55       2.0342       4.0045       2.4361
      56       2.1574       4.0959       2.1985
      57       1.9744       3.8801       2.2456
      58       2.1378       4.1135       2.3158
      59       2.1121       4.0530       2.3074
      60       2.2746       4.2111       2.3203
      61       2.1513       4.2081       2.3910
      62       2.1782       4.1236       2.4877
      63       2.0052       3.9871       2.3070
      64       2.1761       3.9826       2.3670
      65       1.9852       3.9917       2.3366
      66       2.0918       4.0975       2.4019
      67       2.0775       4.0985       2.3416
      68       2.0399       3.9963       2.4505
      69       2.0379       4.0134       2.4601
      70       2.1681       3.9649       2.3382
      71       2.0861       4.0434       2.2040
      72       2.0301       4.0473       2.3129
      73       2.1957       4.1350       2.4566
      74       2.0850       4.0950       2.2846
      75       2.1341       4.1117       2.2497
      76       2.0749       4.0626       2.3281
      77       2.1365       4.1461       2.2933
      78       2.0413       4.0769       2.4497
      79       2.0286       3.9725       2.1970
      80       1.9295       3.9984       2.2970
      81       2.3239       4.2341       2.3939
      82       2.0271       3.9949       2.4276
      83       2.1348       3.9010       2.1185
      84       2.0906       4.0897       2.2615
      85       2.0682       4.0902       2.6136
      86       2.0973       4.1391       2.2080
      87       2.1342       4.0755       2.1552
      88       2.1078       4.1468       2.3235
      89       2.1670       4.2065       2.4681
      90       2.0998       4.0497       2.3955
      91       2.0425       3.8921       2.3804
      92       2.0776       3.9381       2.3670
      93       2.0074       4.0221       2.3008
      94       2.0797       4.0250       2.5249
      95       1.9539       3.9672       2.1718
      96       2.0273       3.9675       2.3092
      97       2.0094       3.8879       2.1841
      98       2.0212       4.0117       2.2802
      99       2.0028       3.9410       2.1466
     100       2.0197       3.9880       2.2676
     101       2.1125       3.9245       2.3249
     102       2.1397       4.0699       2.3951
     103       2.0775       3.9404       2.2468
     104       2.2107       4.2383       2.4432
     105       2.2616       4.2217       2.5902
     106       2.0931       3.9737       2.0851
     107       2.1201       4.1079       2.4036
     108       2.1066       4.0805       2.3945
     109       2.0026       3.8683       2.3369
     110       2.1142       4.0637       2.1778
     111       2.0576       3.9478       2.3470
     112       2.1128       4.0947       2.4253
     113       2.2017       4.1003       2.3813
     114       2.1646       4.0811       2.4437
     115       1.9169       3.9720       2.4132
     116       2.0300       3.8707       2.2392
     117       2.0639       4.0090       2.2242
     118       1.9825       3.8536       2.3071
     119       2.0137       4.0497       2.2935
     120       2.0876       4.0806       2.3408
     121       2.1422       3.9840       2.3803
     122       2.1634       4.0189       2.3361
     123       2.0360       3.9613       2.2770
     124       2.1610       4.0184       2.2793
     125       2.0706       3.9650       2.2631
     126       2.0478       3.9984       2.2915
     127       1.9928       4.0110       2.2396
     128       2.1281       4.0884       2.1703
     129       2.1312       4.1213       2.4626
     130       2.1837       3.9575       2.3538
     131       2.0711       4.0717       2.2244
     132       2.1408       4.1933       2.4732
     133       2.0121       3.8982       2.0153
     134       2.1579       4.0252       2.4478
     135       2.0604       3.9668       2.3006
     136       2.2201       4.0681       2.5476
     137       1.9743       4.0045       2.4327
     138       2.0438       3.9183       2.1943
     139       2.1467       3.9636       2.3754
     140       2.1432       4.0444       2.2788
     141       2.0480       3.9841       2.2030
     142       1.9858       3.9277       2.2018
     143       2.1149       3.9479       2.3166
     144       2.0047       3.9955       2.4155
     145       2.1069       4.0933       2.3772
     146       2.1228       3.9812       2.3221
     147       1.9520       3.9579       2.3309
     148       1.9836       3.8798       2.3605
     149       2.1157       4.0542       2.2738
     150       2.0258       3.9983       2.5033
     151       2.0548       3.9972       2.3469
     152       2.1791       4.1237       2.3706
     153       2.1685       4.1374       2.2474
     154       2.0420       3.9918       2.2492
     155       2.0585       3.9983       2.3227
     156       2.1161       4.1066       2.2806
     157       2.2154       4.1225       2.4140
     158       2.0525       3.9481       2.3152
     159       1.9071       4.0415       2.4098
     160       2.1418       4.0836       2.2261
     161       2.0547       3.9636       2.2792
     162       1.9818       3.8350       2.2799
     163       2.1285       4.0339       2.1783
     164       2.0190       3.9785       2.2395
     165       2.0798       3.9923       2.3292
     166       2.0796       3.9125       2.4360
     167       1.9873       4.0257       2.5071
     168       2.0743       3.9747       2.1640
     169       2.0574       4.0439       2.2974
     170       2.0898       3.9998       2.2616
     171       1.9518       3.9629       2.4889
     172       2.0902       3.9527       2.3912
     173       2.2268       4.1630       2.5566
     174       2.0886       4.0736       2.2270
     175       2.0821       4.0186       2.1094
     176       2.1480       4.1549       2.4684
     177       2.1304       4.1353       2.2851
     178       2.1514       4.0243       2.2852
     179       2.1633       4.1086       2.2251
     180       2.0482       4.0908       2.3387
     181       2.0677       3.9854       2.3085
     182       2.0438       4.0082       2.3227
     183       2.0648       3.8988       2.1885
     184       1.9872       4.0123       2.4814
     185       2.1751       4.2004       2.3441
     186       2.0531       3.9404       2.1736
     187       2.1402       4.0753       2.3189
     188       2.1446       4.0959       2.3661
     189       2.1081       4.0636       2.3458
     190       2.0540       3.9259       2.2556
     191       2.0789       3.9656       2.4415
     192       2.1153       4.1337       2.3973
     193       2.2674       4.2514       2.3399
     194       2.0848       4.0989       2.2980
     195       2.1271       4.1306       2.5056
     196       2.1408       4.0564       2.2476
     197       2.0434       3.9986       2.5247
     198       2.0686       3.9774       2.3640
     199       2.1845       4.1624       2.3527
     200       2.0311       3.9176       2.3555
     201       2.0393       4.0598       2.2482
     202       2.0476       4.0867       2.2078
     203       2.0330       3.9903       2.3920
     204       2.0958       3.9789       2.2220
     205       2.0299       3.8660       2.4531
     206       1.9969       3.9297       2.4184
     207       2.1129       4.0500       2.1434
     208       1.9753       3.9452       2.3693
     209       1.9935       3.7932       2.2905
     210       2.1456       4.1761       2.3089
     211       2.0013       3.9196       2.4592
     212       2.0053       4.0144       2.2227
     213       1.9599       3.9844       2.2892
     214       2.1641       4.0135       2.4019
     215       2.1397       4.1186       2.2255
     216       2.1303       4.0345       2.4004
     217       1.9757       3.9008       2.3807
     218       2.0270       3.9328       2.2739
     219       2.0471       4.0576       2.3709
     220       2.1219       4.0605       2.3566
     221       2.1457       4.0669       2.2925
     222       2.0987       4.1370       2.6521
     223       2.0753       4.0624       2.3207
     224       2.1474       4.0441       2.4052
     225       1.9849       3.9447       2.2576
     226       2.0706       4.0281       2.3852
     227       2.0369       3.9990       2.1992
     228       2.0358       4.0134       2.2192
     229       2.1616       4.1014       2.4101
     230       2.1447       4.0160       2.3153
     231       2.0595       4.0039       2.1827
     232       2.1639       4.1055       2.2500
     233       2.0720       4.0190       2.3643
     234       2.1964       4.1927       2.1820
     235       2.0116       3.8980       2.2815
     236       2.0964       3.8848       2.1815
     237       2.0403       3.9587       2.2216
     238       2.0090       3.9266       2.1271
     239       2.1288       4.0331       2.2637
     240       2.0868       4.0687       2.1608
     241       1.9336       3.8558       2.2434
     242       2.2540       4.2862       2.3718
     243       2.0444       4.0582       2.3481
     244       1.9842       3.9719       2.3418
     245       2.0592       4.0171       2.3691
     246       2.0939       4.1304       2.3393
     247       2.0962       4.0468       2.4334
     248       1.9904       3.9338       2.4206
     249       2.0251       4.0188       2.3822
     250       2.0433       3.9512       2.1556
     251       2.0666       3.9536       2.3195
     252       2.0826       4.0975       2.3376
     253       2.0806       4.0436       2.3422
     254       2.0753       3.9561       2.2549
     255       2.0946       4.0137       2.2810
     256       2.1180       4.0361       2.4377
     257       2.1172       4.1367       2.3229
     258       2.0808       4.0517       2.0832
     259       2.0386       4.0246       2.3338
     260       2.0392       3.9916       2.1692
     261       2.0231       3.8926       2.2389
     262       2.0586       3.8602       2.4600
     263       2.0802       4.0840       2.4155
     264       2.1309       4.1803       2.3663
     265       2.0809       3.9889       2.4205
     266       2.1168       4.0599       2.2004
     267       1.9804       4.0360       2.3815
     268       2.0121       3.9591       2.3706
     269       2.0975       3.9850       2.2667
     270       2.0540       4.0999       2.3104
     271       2.1504       4.0881       2.3813
     272       2.1134       4.1479       2.3222
     273       2.0193       3.9238       2.1931
     274       2.1194       4.0102       2.2001
     275       1.9964       3.9472       2.3287
     276       2.2033       4.2345       2.4330
     277       2.0937       4.0248       2.3175
     278       2.1096       4.1545       2.3611
     279       2.0707       3.9911       2.2932
     280       2.1665       4.2351       2.2322
     281       1.9845       3.9662       2.4729
     282       2.1744       3.9560       2.2960
     283       2.0791       4.0316       2.5599
     284       1.9144       3.9242       2.5107
     285       2.1184       4.0450       2.2150
     286       2.0432       3.9762       2.2714
     287       2.0577       4.0231       2.5778
     288       1.9653       4.0557       2.4392
     289       2.0898       4.0739       2.5785
     290       2.0343       4.0589       2.4115
     291       2.1470       4.1383       2.3862
     292       2.0469       3.8952       2.1778
     293       1.9918       4.0202       2.3084
     294       2.0085       4.0301       2.3258
     295       2.0089       3.8865       2.4238
     296       2.0884       3.9992       2.3835
     297       2.0663       4.0506       2.2699
     298       2.0703       4.0691       2.5251
     299       2.2069       4.0718       2.3551
     300       2.0827       4.1007       2.3324
     301       2.0891       3.9660       2.4450
     302       2.0029       3.9897       2.4861
     303       2.1886       4.1071       2.2877
     304       2.1360       4.0407       2.3895
     305       2.0416       4.0240       2.3318
     306       2.1087       4.0648       2.3531
     307       2.1629       4.0291       2.1696
     308       2.0924       3.8761       2.2603
     309       2.0281       3.9481       2.3898
     310       2.0458       4.0289       2.3909
     311       2.1448       4.1511       2.4930
     312       2.1879       4.1644       2.3316
     313       2.0599       3.9768       2.1323
     314       2.1457       4.0794       2.4250
     315       2.1207       4.1763       2.4970
     316       2.0616       4.0358       2.3117
     317       2.1397       4.1678       2.2811
     318       2.0521       4.0611       2.3095
     319       2.1145       4.0390       2.3631
     320       2.2272       4.1846       2.2205
     321       2.0218       3.9090       2.2292
     322       1.9857       3.9202       2.3137
     323       2.0879       4.1377       2.4970
     324       2.1743       4.1396       2.4237
     325       2.1605       4.1636       2.5066
     326       2.0170       4.0736       2.3007
     327       2.0576       3.9907       2.3756
     328       2.0316       4.0148       2.3838
     329       2.0369       3.9934       2.3186
     330       2.1220       3.9684       2.3111
     331       1.9970       4.0454       2.4909
     332       2.0668       4.0463       2.1857
     333       2.0281       4.0290       2.3033
     334       2.0675       4.0160       2.1938
     335       2.1399       4.0664       2.5070
     336       2.0767       4.0669       2.3584
     337       2.0460       4.0755       2.3554
     338       2.1115       4.0772       2.2231
     339       2.1042       3.9158       2.3902
     340       2.1334       4.1535       2.4891
     341       2.2569       4.2877       2.5211
     342       2.1156       4.0544       2.3271
     343       2.1293       3.7146       2.4556
     344       2.1823       4.0842       2.4961
     345       2.0737       4.0093       2.2751
     346       2.0587       4.0160       2.1543
     347       1.9483       3.8235       2.2355
     348       2.0417       4.0129       2.3920
     349       2.0342       3.9178       2.2142
     350       2.0450       3.9609       2.3674
     351       2.2519       4.0832       2.4246
     352       2.1378       4.0523       2.0768
     353       2.1993       4.1858       2.4565
     354       2.1305       4.1238       2.5475
     355       1.9440       4.0147       2.3283
     356       2.1442       4.0476       2.3281
     357       2.1141       4.0623       2.5146
     358       2.0581       4.0150       2.3735
     359       2.0379       3.9892       2.3119
     360       2.1516       4.0935       2.1762
     361       2.2423       4.1981       2.5556
     362       2.1564       4.1270       2.3706
     363       2.1912       4.1787       2.3647
     364       2.1267       4.1096       2.2728
     365       2.0092       4.0044       2.4932
     366       2.0590       4.0622       2.5290
     367       2.0580       4.0737       2.4715
     368       2.1318       3.9786       2.1364
     369       2.1648       4.0658       2.3355
     370       2.0172       3.8808       2.3553
     371       2.1144       4.0272       2.3941
     372       1.9906       3.9428       2.3035
     373       2.1011       4.0785       2.5636
     374       2.1093       3.9718       2.4403
     375       2.1181       3.9448       2.5386
     376       2.1591       4.1079       2.1813
     377       2.0224       3.7633       2.5000
     378       2.1492       4.0327       2.3233
     379       2.1939       4.1251       2.2344
     380       2.1521       4.1236       2.5861
     381       2.0813       3.9532       2.3521
     382       1.9149       4.0758       2.3565
     383       2.1013       4.0593       2.2579
     384       2.0947       4.0112       2.3335
     385       1.9979       4.0614       2.4775
     386       2.0513       4.0237       2.4163
     387       2.1737       3.9452       2.2064
     388       2.1381       4.0746       2.2490
     389       2.0505       4.0441       2.3174
     390       1.9917       3.8896       2.3845
     391       2.0585       4.0276       2.4283
     392       2.0890       3.9793       2.3671
     393       2.0573       3.9954       2.1650
     394       2.0512       4.0210       2.3902
     395       2.0635       4.0430       2.3882
     396       2.0299       3.9481       2.3265
     397       2.1328       4.1199       2.4171
     398       2.1531       4.0783       2.2996
     399       2.2139       4.1735       2.2901
     400       2.1718       4.0682       2.5890
     401       2.1750       4.1309       2.5969
     402       1.9574       3.8936       2.3313
     403       2.1554       4.1494       2.4818
     404       2.1700       4.0964       2.4044
     405       2.0715       4.0875       2.2700
     406       2.2000       4.2569       2.4184
     407       2.0412       3.9890       2.3264
     408       2.0236       4.0178       2.2849
     409       2.1553       4.0509       2.3121
     410       2.1350       4.0769       2.2828
     411       2.0926       4.0301       2.2608
     412       2.1441       4.1015       2.3836
     413       2.0263       4.0285       2.2460
     414       2.1885       4.0600       2.3679
     415       1.9225       3.8997       2.2067
     416       1.9995       3.9845       2.2144
     417       2.0089       3.9985       2.3759
     418       2.0070       3.9503       2.4132
     419       2.1447       4.1219       2.3714
     420       2.0787       3.9476       2.2357
     421       2.0858       3.9858       2.2480
     422       2.0612       4.0019       2.2177
     423       2.0500       3.9732       2.3466
     424       2.0920       4.0992       2.4298
     425       2.1402       4.1706       2.2593
     426       2.2312       4.2055       2.6072
     427       1.9613       4.0059       2.4622
     428       2.1848       4.2263       2.3557
     429       2.0663       4.0072       2.3841
     430       2.0960       3.9324       2.1993
     431       2.1398       4.0817       2.4563
     432       2.1804       4.1897       2.4049
     433       2.0491       4.0726       2.3337
     434       2.1119       4.1681       2.4233
     435       2.0963       4.1110       2.1379
     436       2.1270       4.1035       2.3426
     437       2.0461       4.0192       2.3039
     438       2.1300       4.1418       2.3072
     439       1.9595       3.9757       2.3632
     440       2.0761       4.0548       2.3802
     441       2.0463       4.0010       2.3600
     442       1.9884       4.0006       2.4321
     443       1.9197       3.9294       2.2926
     444       2.0183       4.0629       2.3976
     445       2.0818       4.0282       2.2733
     446       2.0691       4.0176       2.2005
     447       2.1947       4.2172       2.3331
     448       2.0574       4.0249       2.2573
     449       2.1165       4.1586       2.3677
     450       2.1185       4.1040       2.4681
     451       2.1560       4.0852       2.3885
     452       1.9195       3.9771       2.2771
     453       2.0941       4.1148       2.4663
     454       2.1423       4.1023       2.5036
     455       2.0977       3.9765       2.2941
     456       2.1020       3.9593       2.2745
     457       2.2341       3.9640       2.4419
     458       1.9849       4.0159       2.4376
     459       2.2024       4.1207       2.3597
     460       2.0599       4.0239       2.4370
     461       2.0683       4.0777       2.3763
     462       2.0735       3.9073       2.3096
     463       2.1229       4.0201       2.4438
     464       2.0830       4.0007       2.4632
     465       2.0494       4.0675       2.2167
     466       2.1864       4.1310       2.2946
     467       2.1562       4.1356       2.5146
     468       2.1227       4.1619       2.3746
     469       2.0618       4.0792       2.4805
     470       2.2076       4.1739       2.3613
     471       2.2497       4.1492       2.4779
     472       2.2661       4.1986       2.3361
     473       2.1678       4.0894       2.3081
     474       2.0348       3.9758       2.3903
     475       2.0329       4.0208       2.6037
     476       2.0231       3.9406       2.1389
     477       2.0924       3.9691       2.2742
     478       2.1697       4.1978       2.4727
     479       2.0824       4.0123       2.2661
     480       2.1155       4.1623       2.4045
     481       2.0000       3.9993       2.4116
     482       2.1388       4.0881       2.4196
     483       2.0242       3.9951       2.3882
     484       2.0465       3.9907       2.3607
     485       2.1265       4.1629       2.2988
     486       2.1877       4.0412       2.3224
     487       2.1906       4.1669       2.3193
     488       2.0578       4.0352       2.5724
     489       2.2011       4.1942       2.3100
     490       2.0680       4.0305       2.2518
     491       2.1404       4.0163       2.3770
     492       2.1744       4.1068       2.3019
     493       2.1196       4.0902       2.1728
     494       2.1149       4.0493       2.3764
     495       2.1667       4.2057       2.3271
     496       2.0440       4.0353       2.4542
     497       2.0541       4.0212       2.3141
     498       2.0720       3.9109       2.3726
     499       2.1678       4.1321       2.2908
     500       2.0635       4.1276       2.3895
     501       2.0543       4.0235       2.4303
     502       2.0415       3.9791       2.2632
     503       2.1113       4.1262       2.5434
     504       2.3066       4.1729       2.2332
     505       2.0716       3.9644       2.3554
     506       2.1661       4.1921       2.2400
     507       2.0866       4.0301       2.2901
     508       2.0196       3.9496       2.4092
     509       2.1192       4.1430       2.5860
     510       2.1360       4.0697       2.3829
     511       2.0416       4.0955       2.2256
     512       2.0358       4.0389       2.5070
     513       2.1379       4.0899       2.6064
     514       2.1124       4.0441       2.2277
     515       2.1543       4.0866       2.2189
     516       2.2400       4.1581       2.2536
     517       2.1772       4.0200       2.3893
     518       2.0549       3.9990       2.4366
     519       2.0572       3.9753       2.1529
     520       1.9845       3.9039       2.5615
     521       2.0132       3.9002       2.2060
     522       2.0407       4.0285       2.2241
     523       2.1383       4.0860       2.1789
     524       2.0789       4.0882       2.3955
     525       2.1794       4.0648       2.3341
     526       2.1136       4.1007       2.3928
     527       2.1596       4.1411       2.3967
     528       2.0386       4.0270       2.3164
     529       1.9684       3.9468       2.2932
     530       2.1399       3.9799       2.4369
     531       2.1253       4.1232       2.3340
     532       2.1127       4.0189       2.3493
     533       2.2259       4.2433       2.3152
     534       2.1824       4.1189       2.4754
     535       2.1453       4.1539       2.6530
     536       2.0245       4.0449       2.4045
     537       2.1911       4.0658       2.2250
     538       2.0467       4.0303       2.2607
     539       2.1750       4.0715       2.1855
     540       2.0080       3.9919       2.1581
     541       2.0870       3.9184       2.1480
     542       2.0124       4.0556       2.3474
     543       2.0798       3.9853       2.3123
     544       2.1109       4.0666       2.2722
     545       2.1745       4.0363       2.3739
     546       2.0694       3.9946       2.3193
     547       1.9956       3.9790       2.3864
     548       2.1920       4.1320       2.3503
     549       1.9715       3.9582       2.3298
     550       2.0653       4.0533       2.4024
     551       2.2166       4.1476       2.2511
     552       1.9946       4.0232       2.4093
     553       2.0987       3.9750       2.3361
     554       2.1354       4.0529       2.2240
     555       1.9183       3.9196       2.4278
     556       2.0207       4.0565       2.4440
     557       2.0081       4.0256       2.3036
     558       2.2127       4.1272       2.4950
     559       2.1579       4.1631       2.4132
     560       2.0862       4.0143       2.2416
     561       2.1066       4.0642       2.4071
     562       2.1263       4.0994       2.3687
     563       2.0749       4.0544       2.2192
     564       2.0621       4.0998       2.4051
     565       2.1083       4.1207       2.3881
     566       2.0787       4.0760       2.3450
     567       1.9704       4.0085       2.2600
     568       2.1013       4.0780       2.2077
     569       2.0644       4.0963       2.3737
     570       2.1254       4.1066       2.4725
     571       2.1072       4.0896       2.3899
     572       2.1528       4.1461       2.3334
     573       2.1192       4.0894       2.3753
     574       2.1511       4.0904       2.3814
     575       2.0358       3.9315       2.3790
     576       2.1231       4.0972       2.3211
     577       1.9962       3.8823       2.2385
     578       2.0486       3.9287       2.3491
     579       2.0591       4.0621       2.2845
     580       2.0638       4.0387       2.4635
     581       1.9833       4.0515       2.3514
     582       2.0985       4.0467       2.4908
     583       2.1145       4.0607       2.3609
     584       2.0536       3.9670       2.3124
     585       2.2454       4.2382       2.4072
     586       2.1243       4.0489       2.3427
     587       2.2037       4.2043       2.4069
     588       2.0997       4.0890       2.3905
     589       2.0830       4.1085       2.4156
     590       2.0056       4.0395       2.4152
     591       2.1063       4.0829       2.5533
     592       2.0971       4.0143       2.4529
     593       2.1784       4.1675       2.3310
     594       2.0729       3.9993       2.2430
     595       2.0763       4.0375       2.2234
     596       2.1114       3.9505       2.2363
     597       2.0694       4.0008       2.3446
     598       2.1228       3.9548       2.2124
     599       2.0509       4.0753       2.2962
     600       2.1996       4.0702       2.4992
     601       2.1034       4.0011       2.2312
     602       2.1189       4.1466       2.3640
     603       2.1110       4.0301       2.1681
     604       2.0196       4.0292       2.3161
     605       1.9790       3.9424       2.2769
     606       2.0905       3.9656       2.0638
     607       2.1642       4.0682       2.2319
     608       2.0437       3.9932       2.4220
     609       1.8614       3.9357       2.3363
     610       2.0417       4.0661       2.3339
     611       2.1707       4.1494       2.3644
     612       2.1182       4.1835       2.5715
     613       2.1811       4.1932       2.2274
     614       2.0640       4.0014       2.4088
     615       2.1073       4.1027       2.4268
     616       2.1496       4.0813       2.2488
     617       2.1131       4.0137       2.3317
     618       2.1361       4.0801       2.2770
     619       2.1590       4.1116       2.3987
     620       2.0352       4.1339       2.2805
     621       2.1455       4.0615       2.2069
     622       2.0858       4.0617       2.4616
     623       2.1161       4.0446       2.4451
     624       2.0127       3.9141       2.2749
     625       2.2390       4.1466       2.3295
     626       2.1654       4.1218       2.3556
     627       2.0793       4.0010       2.3576
     628       2.0608       4.0682       2.3247
     629       2.1165       4.1467       2.3943
     630       2.1808       4.1748       2.4033
     631       2.1033       4.0657       2.3059
     632       2.0051       3.9357       2.4760
     633       2.1744       4.0296       2.2628
     634       2.0904       4.1099       2.4007
     635       2.0883       3.8858       2.3011
     636       2.0161       3.9256       2.3234
     637       2.1055       4.0753       2.2745
     638       2.0957       4.0379       2.2696
     639       2.2359       4.2129       2.4435
     640       2.0273       4.0477       2.5165
     641       2.0016       3.9562       2.3954
     642       2.1185       4.0843       2.3945
     643       2.1477       4.1454       2.3723
     644       1.9794       3.9091       2.3829
     645       1.8838       3.8454       2.2511
     646       2.1028       4.1130       2.3164
     647       2.1313       4.1097       2.4505
     648       2.0953       3.9993       2.2546
     649       2.0669       4.0300       2.2692
     650       2.0714       3.9621       2.0824
     651       2.1143       3.9599       2.3362
     652       2.0441       3.8483       2.4147
     653       2.0662       4.0094       2.3398
     654       2.0713       4.0356       2.2875
     655       2.0411       4.0990       2.3190
     656       2.1168       4.0573       2.3229
     657       1.9143       3.8363       2.3765
     658       2.0399       4.0792       2.4320
     659       2.1848       4.0822       2.4602
     660       2.1358       4.1564       2.2124
     661       2.1122       4.0144       2.3372
     662       1.9837       3.9371       2.2623
     663       2.1149       4.1454       2.2819
     664       2.0943       4.1674       2.5447
     665       2.0436       4.0290       2.3788
     666       2.0582       3.9370       2.2931
     667       1.9979       4.0102       2.3356
     668       2.1118       4.0157       2.2456
     669       1.9839       4.0068       2.5440
     670       2.2226       4.1811       2.4524
     671       2.0414       4.0091       2.1844
     672       2.0120       4.0166       2.2815
     673       2.0596       4.0250       2.3965
     674       2.2742       4.2121       2.3345
     675       2.0820       4.0298       2.4948
     676       2.0075       4.0193       2.3859
     677       2.1341       3.8481       2.3622
     678       2.1239       4.0707       2.2974
     679       1.9961       3.8546       2.3513
     680       2.0823       4.0635       2.4040
     681       2.1349       4.1414       2.5199
     682       2.0188       4.0988       2.5030
     683       2.1098       4.1086       2.4005
     684       2.0406       4.0499       2.3085
     685       2.0746       4.0050       2.2987
     686       2.0299       3.9074       2.3173
     687       2.2083       4.1835       2.1849
     688       2.1463       4.0994       2.5811
     689       2.0680       4.0502       2.2537
     690       2.2285       4.1293       2.4499
     691       2.0447       4.0437       2.4023
     692       2.0578       4.1195       2.5783
     693       2.0013       4.0331       2.2238
     694       2.1378       4.1207       2.4153
     695       2.0928       4.1014       2.4943
     696       2.1005       4.1087       2.3339
     697       2.0184       4.0572       2.2921
     698       2.0663       3.9715       2.2620
     699       2.0915       4.1082       2.1972
     700       2.0919       3.9871       2.2192
     701       2.0111       4.0074       2.2642
     702       2.0784       4.0767       2.3018
     703       2.0257       4.0381       2.3439
     704       2.0358       3.9274       2.3851
     705       2.1029       4.1512       2.1992
     706       2.2533       4.1822       2.3687
     707       2.1376       4.0117       2.3935
     708       2.0224       4.0950       2.4257
     709       2.0429       4.0065       2.3922
     710       2.0989       4.0324       2.3851
     711       2.1142       4.0917       2.3110
     712       2.0952       4.1085       2.2579
     713       2.0088       4.0326       2.4497
     714       2.1701       4.1265       2.2900
     715       2.0976       4.1079       2.3849
     716       2.2313       4.1738       2.3670
     717       2.2039       4.1752       2.4438
     718       2.0602       4.0741       2.3610
     719       1.9662       3.8923       2.2746
     720       2.0362       3.9820       2.3322
     721       2.1067       3.9854       2.4687
     722       2.1361       4.0692       2.2987
     723       2.0952       4.0744       2.4864
     724       1.9670       4.0239       2.4148
     725       2.1302       4.1289       2.2180
     726       1.9927       3.9128       2.3243
     727       2.1178       4.0346       2.3272
     728       1.9760       3.9761       2.4854
     729       1.9987       3.9205       2.0902
     730       2.0350       4.0139       2.3832
     731       2.1592       4.0904       2.1733
     732       2.0926       4.0718       2.5036
     733       2.1829       4.1417       2.2498
     734       2.1696       4.1172       2.1078
     735       2.1645       4.0826       2.3382
     736       2.0125       3.9951       2.3223
     737       2.1157       4.1094       2.2991
     738       2.1014       3.9777       2.2466
     739       2.0819       3.9796       2.2491
     740       2.0356       4.0334       2.3664
     741       2.0161       4.0268       2.3634
     742       2.0201       4.0386       2.4317
     743       1.9576       3.9252       2.3246
     744       2.0349       3.9018       2.1601
     745       2.1204       4.1114       2.2887
     746       2.0868       3.9385       2.2488
     747       2.0646       4.0665       2.2991
     748       1.9422       3.9610       2.3752
     749       2.1649       4.1484       2.2899
     750       2.0173       4.0236       2.3676
     751       2.1184       3.9992       2.4626
     752       2.0950       4.0452       2.3762
     753       2.0242       3.9817       2.5164
     754       1.9924       3.9611       2.4955
     755       2.1438       4.0916       2.2752
     756       2.0789       4.0517       2.3197
     757       2.1156       4.0898       2.6187
     758       2.0927       3.9705       2.3529
     759       2.1466       4.1542       2.4953
     760       2.0705       4.0219       2.4358
     761       2.0647       4.0559       2.3715
     762       2.1300       4.1435       2.4506
     763       2.0768       3.9371       2.3906
     764       2.1603       4.1010       2.3319
     765       2.1145       4.1371       2.4632
     766       2.2268       4.1930       2.3486
     767       2.2839       4.2261       2.3726
     768       2.1122       4.0512       2.3766
     769       2.1731       4.0738       2.2587
     770       2.1088       4.0809       2.2868
     771       2.0705       4.1336       2.4684
     772       2.1281       4.0536       2.3872
     773       2.1330       4.0464       2.4198
     774       2.1179       4.0156       2.1803
     775       2.1326       4.1338       2.3434
     776       2.1729       4.0948       2.2159
     777       2.0745       4.0255       2.1972
     778       2.0729       4.0803       2.4897
     779       2.1028       4.0354       2.5574
     780       2.0628       4.1289       2.4199
     781       2.0684       4.0625       2.2794
     782       2.1499       4.1547       2.3403
     783       2.1531       4.1539       2.4654
     784       2.0104       3.9858       2.5882
     785       2.0972       4.0722       2.4748
     786       2.1010       4.0415       2.3823
     787       2.1841       4.0684       2.5316
     788       2.0182       3.9864       2.3753
     789       2.0275       3.9420       2.3359
     790       2.1150       4.0970       2.3759
     791       2.0061       3.9945       2.2576
     792       2.0722       4.0225       2.4424
     793       2.1287       4.1579       2.3540
     794       2.0621       3.9773       2.2620
     795       2.2019       4.1090       2.4370
     796       2.1257       4.0494       2.6408
     797       2.1015       3.9615       2.3337
     798       2.0952       4.0328       2.2777
     799       2.1228       4.0854       2.5498
     800       1.9884       3.9831       2.4214
     801       2.1220       4.0884       2.3813
     802       2.1307       4.1110       2.3458
     803       2.0264       4.0384       2.3223
     804       2.0404       3.9571       2.5128
     805       2.0831       4.0798       2.4196
     806       2.2706       4.2842       2.1443
     807       2.1708       4.2219       2.6361
     808       2.1735       4.1710       2.2661
     809       2.1022       4.1161       2.4068
     810       2.0949       4.1735       2.4527
     811       2.1582       4.0026       2.1658
     812       2.0946       4.0380       2.5028
     813       1.9841       3.9915       2.3411
     814       2.0908       3.9491       2.3563
     815       2.0295       4.1032       2.2575
     816       2.1513       4.1239       2.4879
     817       2.0567       4.0293       2.3130
     818       2.1356       4.0617       2.3003
     819       2.0693       4.0916       2.7349
     820       2.1877       4.0665       2.0372
     821       2.1884       4.1531       2.3221
     822       2.1694       4.1293       2.6658
     823       2.1429       4.1044       2.4640
     824       1.9670       4.0111       2.4136
     825       2.0858       4.0893       2.4697
     826       1.9922       3.9543       2.3467
     827       2.0507       4.0198       2.3089
     828       1.9997       4.0001       2.3757
     829       2.1534       4.0398       2.3556
     830       2.1382       4.0930       2.2180
     831       1.9446       3.9599       2.3495
     832       2.1155       4.0605       2.3974
     833       2.0096       3.9571       2.4080
     834       1.9225       3.9484       2.2396
     835       2.1528       3.9980       2.4455
     836       1.9168       3.9421       2.2081
     837       2.0302       3.9748       2.4540
     838       1.9874       3.9833       2.4216
     839       2.0021       3.9965       2.3202
     840       2.1649       4.1866       2.3958
     841       2.1996       4.1933       2.4737
     842       2.0131       4.0330       2.3624
     843       2.0521       4.0755       2.3648
     844       1.9473       4.0015       2.4545
     845       2.0673       4.0660       2.3776
     846       2.0718       4.0501       2.4807
     847       2.2114       4.1808       2.3052
     848       2.2172       4.2562       2.4070
     849       2.1072       4.0923       2.2846
     850       2.1196       4.0994       2.2605
     851       2.0163       4.0429       2.3231
     852       2.1584       4.1796       2.3961
     853       1.9643       4.0569       2.4543
     854       2.1000       4.0251       2.3110
     855       2.0444       3.9993       2.5880
     856       2.1075       4.0823       2.4364
     857       2.1106       4.1192       2.3443
     858       2.0419       4.0202       2.4477
     859       2.0137       3.9591       2.5872
     860       2.1884       4.1628       2.4513
     861       2.1935       4.1621       2.2591
     862       2.1703       4.1204       2.3548
     863       2.1728       4.1371       2.0207
     864       2.1157       4.1617       2.3763
     865       2.0957       3.8121       2.0657
     866       2.1177       4.0759       2.2881
     867       1.9626       3.9802       2.3183
     868       1.9972       3.8909       2.2549
     869       2.1065       3.9693       2.2020
     870       2.0644       3.9889       2.3091
     871       2.0060       3.9626       2.3876
     872       2.0862       4.0794       2.3879
     873       2.1854       4.1429       2.3727
     874       2.0769       4.0753       2.2616
     875       2.2106       4.1603       2.5239
     876       2.0111       3.8194       2.3314
     877       2.1133       4.0286       2.2738
     878       1.9836       4.0460       2.4079
     879       2.2083       4.1783       2.2293
     880       2.0934       4.0283       2.2044
     881       2.0827       4.0508       2.3586
     882       2.1313       4.0001       2.4194
     883       2.1274       3.9971       2.3590
     884       1.9841       3.9409       2.4787
     885       2.0047       3.9242       2.1710
     886       2.1675       4.0919       2.2994
     887       1.9592       3.9176       2.3800
     888       2.0208       4.0251       2.4592
     889       2.1892       4.0397       2.2455
     890       2.0674       4.1001       2.4492
     891       2.0486       3.9715       2.2904
     892       2.1518       4.1415       2.4507
     893       2.1703       4.1005       2.2744
     894       2.0910       4.0978       2.3840
     895       2.1532       4.0972       2.2688
     896       2.2555       4.2366       2.3589
     897       2.1645       4.1162       2.3536
     898       2.1154       4.1263       2.3827
     899       2.2551       4.1950       2.2777
     900       2.1903       4.1780       2.6052
     901       2.1303       4.1069       2.2692
     902       1.9206       3.9006       2.3203
     903       2.0959       4.0502       2.2721
     904       2.1105       4.1633       2.5328
     905       2.1035       4.0951       2.3402
     906       2.1856       4.2204       2.2733
     907       2.0426       3.9287       2.3058
     908       2.1238       4.1162       2.4064
     909       2.1237       4.0959       2.4491
     910       2.1940       4.2524       2.4765
     911       2.0759       4.0120       2.4208
     912       2.0668       4.0973       2.3597
     913       2.0445       4.0315       2.3616
     914       2.0454       4.0161       2.1501
     915       2.0651       4.0199       2.5793
     916       2.1595       4.0398       2.5075
     917       2.1425       4.1263       2.5037
     918       2.0700       4.0222       2.3607
     919       2.1414       4.1084       2.3082
     920       2.0374       4.0247       2.3289
     921       2.0557       3.9405       2.3396
     922       2.0491       3.9330       2.2776
     923       2.1762       4.1654       2.2620
     924       2.2105       4.1241       2.3982
     925       2.0557       4.1176       2.5906
     926       2.1087       4.1394       2.4564
     927       2.0357       4.0704       2.4409
     928       2.0780       4.0485       2.5060
     929       2.0057       3.9467       2.3290
     930       2.0223       4.0988       2.3288
     931       2.0830       4.0375       2.3562
     932       2.2111       4.1928       2.3384
     933       2.0526       4.0637       2.3973
     934       2.1177       4.0291       2.4083
     935       2.0935       4.0557       2.4754
     936       1.9649       4.0218       2.3775
     937       2.2301       4.2238       2.4589
     938       2.1662       4.2179       2.4138
     939       2.0145       4.0572       2.5043
     940       2.1774       4.0964       2.2698
     941       2.0787       4.0135       2.1275
     942       2.0615       4.0395       2.3408
     943       2.1121       4.1797       2.3542
     944       2.0064       4.0235       2.4030
     945       2.1110       4.0899       2.3161
     946       2.2091       4.1275       2.3129
     947       1.9246       3.9428       2.5008
     948       2.0581       3.9695       2.4151
     949       2.0312       4.0621       2.4760
     950       2.0773       4.1503       2.6530
     951       2.1108       4.1712       2.5034
     952       2.1092       4.1352       2.2078
     953       2.1569       4.1920       2.4447
     954       2.1105       4.0787       2.2074
     955       2.3288       4.2775       2.3785
     956       2.0713       4.0492       2.2625
     957       2.0374       4.1261       2.6031
     958       2.1155       3.9780       2.3618
     959       2.0582       4.1347       2.4444
     960       2.0167       3.9977       2.3654
     961       1.9825       4.0150       2.3092
     962       2.0390       3.8472       2.4861
     963       2.0524       4.2038       2.5371
     964       2.1073       4.0264       2.4898
     965       2.1130       4.0574       2.2266
     966       2.1658       4.1864       2.4661
     967       2.1057       4.2085       2.4871
     968       2.0616       4.0600       2.1987
     969       2.0498       4.0279       2.3389
     970       2.0949       4.0180       2.3657
     971       2.0926       4.0966       2.4832
     972       2.0700       4.1100       2.2995
     973       2.1387       4.0703       2.2847
     974       2.0874       4.0507       2.4190
     975       1.9520       3.9997       2.2522
     976       2.0122       4.0291       2.4118
     977       2.1035       4.1392       2.3719
     978       2.1725       4.1403       2.1978
     979       1.9840       3.9785       2.2799
     980       2.0113       4.0854       2.5181
     981       2.1108       4.1189       2.3262
     982       1.9982       3.9749       2.3367
     983       2.0969       3.9411       2.3696
     984       2.1724       4.1751       2.3938
     985       2.0876       4.0054       2.3856
     986       2.2369       4.1034       2.3055
     987       1.9743       3.9819       2.3732
     988       2.0062       3.9898       2.1217
     989       2.2027       4.1843       2.4749
     990       2.1335       4.1197       2.4539
     991       2.1518       4.0567       2.3258
     992       2.0757       4.0625       2.5427
     993       2.2018       4.2436       2.4887
     994       2.0802       4.1047       2.5358
     995       2.0105       4.0034       2.3370
     996       1.9466       4.0334       2.4885
     997       2.1513       4.1615       2.3968
     998       2.1702       4.0830       2.3629
     999       2.0593       4.0053       2.1577
    1000       2.1037       4.0365       2.2449
