#Frame     Mn2_His273   Mn2_Glu280
       1       2.1388       1.9731
       2       2.2699       1.9737
       3       2.1624       2.0257
       4       2.3387       2.0834
       5       2.1800       1.9950
       6       2.3864       2.0110
       7       2.2675       2.0162
       8       2.2910       2.0280
       9       2.3348       2.0200
      10       2.3121       2.0613
      11       2.2975       1.9811
      12       2.1727       1.9510
      13       2.2475       2.0563
      14       2.1586       1.9156
      15       2.1219       2.0489
      16       2.3808       1.9798
      17       2.0803       2.0558
      18       2.2868       1.9926
      19       2.1243       1.9868
      20       2.2488       1.9752
      21       2.2511       1.9826
      22       2.2301       1.9738
      23       2.1963       2.1377
      24       2.2982       2.0341
      25       2.2474       1.9271
      26       2.6199       2.1431
      27       2.1957       1.9997
      28       2.6101       2.0649
      29       2.3010       2.1131
      30       2.4468       2.0322
      31       2.2290       1.9771
      32       2.2303       2.0591
      33       2.3985       2.1577
      34       2.2701       2.0873
      35       2.1375       2.0810
      36       2.0990       1.9541
      37       2.3810       2.0234
      38       2.1163       1.9746
      39       2.2575       2.0277
      40       2.3209       2.1077
      41       2.4550       2.0631
      42       2.3737       2.1097
      43       2.5575       2.0182
      44       2.4033       2.0736
      45       2.5182       2.1301
      46       2.3508       2.0217
      47       2.4052       2.2313
      48       3.2088       1.9947
      49       2.6145       2.0713
      50       3.0679       1.9929
      51       2.6612       1.9974
      52       2.3033       2.0201
      53       2.5522       2.0353
      54       2.1177       1.9831
      55       2.2484       2.0561
      56       2.2544       2.0553
      57       2.5584       2.0515
      58       2.2395       2.0631
      59       2.4486       2.0947
      60       2.4950       2.0379
      61       4.1051       2.0278
      62       4.4524       2.0864
      63       4.4953       1.9505
      64       4.3077       1.9627
      65       4.3308       2.0364
      66       4.3605       2.0253
      67       4.3631       1.9333
      68       4.4948       1.9491
      69       4.4333       1.9547
      70       4.3359       1.9710
      71       4.3181       1.9586
      72       4.4250       1.9940
      73       4.5443       1.9855
      74       4.4093       2.0938
      75       4.1981       2.0661
      76       4.1213       1.9386
      77       4.3723       2.0221
      78       4.3944       2.0722
      79       4.5161       1.9622
      80       4.6268       2.0585
      81       4.2907       2.0192
      82       4.3797       1.9982
      83       4.1357       2.0211
      84       4.6200       1.9766
      85       4.0993       2.0687
      86       4.7252       1.9163
      87       4.2591       2.0257
      88       3.9890       1.9863
      89       4.1947       1.9429
      90       4.3247       1.9596
      91       4.2092       2.0500
      92       4.1016       2.0499
      93       4.0114       2.0016
      94       4.4608       1.9939
      95       4.1916       2.0530
      96       4.4429       1.9873
      97       4.3067       1.9451
      98       4.0574       2.0721
      99       4.3598       2.1219
     100       4.3958       2.0389
     101       4.2342       2.0209
     102       4.3097       2.0393
     103       4.1739       1.9126
     104       4.2036       1.9867
     105       4.4296       1.9291
     106       4.4727       2.0385
     107       4.3292       2.0040
     108       4.3770       1.9215
     109       4.5676       1.9993
     110       4.6382       2.0496
     111       4.5285       2.0556
     112       4.1940       1.9446
     113       4.4126       2.0152
     114       4.5545       2.0591
     115       4.0996       2.0814
     116       4.2049       2.1409
     117       4.6113       2.0392
     118       4.4092       2.0111
     119       4.6148       1.9974
     120       4.4514       1.9771
     121       4.3176       1.9472
     122       4.5173       2.0050
     123       4.4358       2.0685
     124       4.3882       2.0061
     125       4.6627       1.9435
     126       4.2675       2.1250
     127       4.3484       1.8815
     128       4.5656       1.9767
     129       4.3103       1.9329
     130       4.4938       1.9927
     131       4.4104       2.0087
     132       4.0607       2.0473
     133       4.5052       1.9982
     134       4.2946       1.9612
     135       4.2750       1.9615
     136       4.0690       2.0447
     137       4.3416       2.0309
     138       4.1590       1.9967
     139       4.2980       2.0231
     140       4.2789       1.9660
     141       4.1438       2.0607
     142       4.3227       1.9187
     143       4.3092       1.9795
     144       4.4271       2.0083
     145       4.4952       2.0413
     146       4.2384       2.0551
     147       4.6621       1.9890
     148       4.3702       1.9182
     149       4.5368       2.0156
     150       4.7702       1.9308
     151       4.3823       1.9981
     152       4.2171       1.9438
     153       4.2226       2.0711
     154       4.3161       1.9931
     155       4.4899       1.9473
     156       4.5481       1.9074
     157       4.1286       2.0141
     158       4.2031       2.0676
     159       4.0954       2.1554
     160       4.2528       1.9884
     161       4.6683       1.9918
     162       4.2952       2.0891
     163       4.1649       2.0824
     164       4.2748       1.9777
     165       4.3569       2.0400
     166       4.6026       1.9536
     167       4.3586       1.9718
     168       4.3201       2.0732
     169       4.5686       2.0668
     170       4.7046       2.0527
     171       4.3664       1.9223
     172       4.4135       1.9485
     173       3.9409       2.0201
     174       4.3129       2.0211
     175       4.1777       1.9736
     176       4.2918       2.0020
     177       4.1895       2.0204
     178       4.4384       2.0265
     179       4.1673       1.9407
     180       4.5601       2.0139
     181       4.3043       2.0637
     182       4.0615       2.0018
     183       4.1502       1.9878
     184       4.1684       1.9631
     185       4.0851       2.0107
     186       4.2974       2.0071
     187       4.0126       2.0064
     188       4.6224       2.0522
     189       4.6584       1.9333
     190       4.4045       2.0350
     191       4.5659       1.9841
     192       4.3193       2.0381
     193       3.8904       1.9685
     194       3.8393       2.0674
     195       4.3389       2.0253
     196       4.1691       1.8599
     197       4.3863       2.0012
     198       4.4837       1.9919
     199       4.2268       2.0305
     200       4.1083       2.0764
     201       4.0256       1.9760
     202       4.2096       1.9513
     203       4.1173       2.0219
     204       4.2495       1.9731
     205       4.5229       1.9924
     206       4.3540       2.0712
     207       4.4332       1.9913
     208       3.9723       2.0114
     209       4.1475       2.1140
     210       4.1713       2.0126
     211       4.0780       2.0291
     212       4.5335       2.0122
     213       4.4418       1.9528
     214       4.4655       2.0206
     215       4.3357       1.9943
     216       4.2821       1.9994
     217       4.2041       1.9983
     218       4.2343       1.9663
     219       4.2846       1.9181
     220       4.3234       2.0369
     221       4.0841       1.9235
     222       4.2313       1.9945
     223       4.3764       2.0169
     224       4.1086       1.9942
     225       4.2129       2.0085
     226       4.6927       1.8981
     227       4.1934       1.9863
     228       4.1903       1.9737
     229       4.1679       1.9554
     230       4.1348       2.0178
     231       4.3528       1.9732
     232       3.9446       2.1077
     233       4.0868       2.0241
     234       4.0435       1.9577
     235       4.5123       1.9729
     236       4.3830       2.0214
     237       4.2730       2.0373
     238       4.6581       2.0333
     239       4.2018       2.0592
     240       4.2662       2.0050
     241       4.1673       2.0096
     242       4.0779       2.0147
     243       4.1503       2.0109
     244       4.1254       2.0837
     245       4.1222       1.9820
     246       4.2316       2.0412
     247       4.2842       1.9740
     248       4.3964       1.9953
     249       4.2013       2.0184
     250       4.0037       1.9656
     251       4.2261       1.9965
     252       4.3168       1.9842
     253       4.0159       1.9740
     254       4.2927       2.0228
     255       4.2734       2.0714
     256       4.4938       1.9760
     257       4.1439       1.9905
     258       4.2286       2.0201
     259       3.9209       1.9969
     260       4.0849       2.0981
     261       4.4936       1.9945
     262       4.1351       1.9695
     263       4.3349       2.0154
     264       4.1520       2.0300
     265       3.7551       1.9462
     266       4.1757       1.9305
     267       3.8798       2.0224
     268       4.2156       2.0157
     269       4.1962       1.9902
     270       3.8417       2.0553
     271       4.0492       2.0030
     272       4.1516       1.9974
     273       4.0565       2.0990
     274       4.1690       1.9495
     275       4.1172       1.9998
     276       4.3001       2.0180
     277       4.2668       2.0232
     278       4.3494       2.0505
     279       4.2582       1.9401
     280       4.2593       1.9372
     281       4.3836       2.0036
     282       4.2006       2.0193
     283       4.1394       1.9558
     284       4.0998       2.0626
     285       4.3092       2.0367
     286       4.1985       1.9649
     287       4.5159       2.0312
     288       4.1237       2.1127
     289       4.3513       1.9954
     290       4.3893       1.9538
     291       4.0114       2.0408
     292       4.0748       2.0411
     293       4.2231       2.0666
     294       4.3020       2.0762
     295       4.2780       2.0331
     296       4.2900       2.1030
     297       4.1350       1.9270
     298       4.2890       1.9531
     299       4.1452       2.0036
     300       4.2964       1.9542
     301       4.0160       1.9744
     302       4.1957       1.9952
     303       3.9626       2.0339
     304       4.1036       1.9964
     305       4.4275       1.9880
     306       4.1708       1.9304
     307       4.4056       1.9747
     308       4.2949       1.9399
     309       4.0795       2.0181
     310       4.4293       2.0169
     311       3.9937       2.0081
     312       3.8516       1.9761
     313       4.2438       2.0591
     314       4.0317       2.0370
     315       4.2990       2.0195
     316       4.2577       1.9905
     317       4.3792       2.0839
     318       3.9124       1.9801
     319       4.1857       2.0058
     320       4.4647       2.0527
     321       4.1233       2.0326
     322       4.4137       1.9580
     323       4.3063       2.0386
     324       4.3261       2.0378
     325       3.9840       2.1267
     326       4.2023       2.1246
     327       4.2208       2.0047
     328       4.2148       1.9979
     329       4.2127       2.0510
     330       4.3366       2.0423
     331       4.2135       2.0750
     332       4.4129       1.9761
     333       4.4175       1.9907
     334       4.4605       2.0179
     335       3.7384       2.0312
     336       4.3441       1.9813
     337       4.2987       2.0344
     338       4.5525       1.9468
     339       4.3228       2.0076
     340       3.9996       2.0304
     341       4.1009       2.0800
     342       4.3801       2.0046
     343       3.9375       1.9995
     344       4.2648       1.9877
     345       4.3148       2.0460
     346       4.0247       1.9615
     347       4.6229       1.9844
     348       4.4290       2.0048
     349       4.2262       1.9738
     350       4.2289       1.9758
     351       4.2500       1.9679
     352       4.2580       2.0153
     353       4.1356       2.0319
     354       4.1845       1.9376
     355       4.3796       2.0245
     356       4.4964       1.9943
     357       4.1341       1.9570
     358       4.4223       1.9926
     359       4.0191       2.0289
     360       4.3519       1.9968
     361       4.2239       2.0434
     362       4.1065       2.0414
     363       4.3368       1.9703
     364       4.3754       2.0576
     365       4.3214       2.0031
     366       4.1956       2.0204
     367       4.5841       2.0184
     368       4.2355       1.9566
     369       4.4131       2.0306
     370       4.2325       2.0206
     371       4.3283       1.9290
     372       4.5839       2.0040
     373       4.1121       2.0066
     374       4.2809       1.9854
     375       4.2808       1.9829
     376       4.3013       2.0371
     377       4.0040       2.0778
     378       4.3291       2.0470
     379       4.3881       1.9890
     380       4.0789       2.0305
     381       4.3403       2.0038
     382       4.3493       1.9796
     383       4.1121       2.0561
     384       4.1002       2.0083
     385       4.4377       2.0157
     386       4.4968       1.9351
     387       4.3715       1.9465
     388       4.2170       2.0102
     389       4.2516       2.1045
     390       4.0905       1.9796
     391       4.5650       1.9101
     392       4.2771       1.9866
     393       4.1437       1.9807
     394       4.3589       2.0197
     395       4.4107       1.9578
     396       4.0873       2.0954
     397       4.0314       1.9727
     398       4.2800       1.9883
     399       4.2002       2.0314
     400       4.3207       2.0170
     401       4.2264       1.9848
     402       4.2229       1.9577
     403       4.0463       2.0504
     404       4.2358       2.0197
     405       4.2590       2.0767
     406       4.2286       1.9674
     407       4.2231       1.9943
     408       4.4962       2.0271
     409       4.1514       1.9728
     410       4.4537       2.0186
     411       4.2027       2.0546
     412       4.2995       2.0446
     413       3.9974       1.9852
     414       4.1192       2.0705
     415       4.3940       2.0002
     416       4.3494       1.9970
     417       4.5830       1.9846
     418       4.3157       1.9588
     419       4.0950       2.0531
     420       4.2169       2.0166
     421       4.1192       1.9495
     422       4.0839       2.1594
     423       4.3546       1.9974
     424       4.1465       1.9143
     425       4.2334       2.0451
     426       4.2771       1.9927
     427       4.2202       1.9565
     428       4.5091       2.0669
     429       4.2152       2.0093
     430       4.1584       2.0226
     431       4.6449       2.0005
     432       4.2146       1.9580
     433       4.2313       2.0709
     434       4.5410       2.0088
     435       4.1013       1.9866
     436       4.2912       1.9937
     437       4.2337       2.0537
     438       4.4131       1.9095
     439       4.3579       2.0692
     440       4.0886       2.0020
     441       4.2136       1.9552
     442       4.3270       1.9369
     443       4.0268       2.0643
     444       3.9961       2.0543
     445       4.3623       2.0179
     446       4.2137       2.0029
     447       4.3653       1.9951
     448       4.3127       2.0079
     449       3.9494       1.9259
     450       4.2517       2.0524
     451       4.4149       1.9900
     452       4.3276       1.9389
     453       3.9263       1.9811
     454       3.9353       1.9226
     455       4.2040       1.9826
     456       4.1474       2.0112
     457       3.9724       2.0711
     458       4.3039       2.0370
     459       4.3026       2.0495
     460       4.7600       1.9813
     461       4.3354       2.0199
     462       4.5584       2.0413
     463       4.3450       2.0412
     464       4.0874       1.9502
     465       4.4066       1.9741
     466       4.1136       2.0689
     467       4.3921       2.0300
     468       3.9768       1.9639
     469       4.3405       1.9786
     470       4.0223       2.0077
     471       4.3252       2.0177
     472       4.4391       1.9875
     473       4.3474       1.9317
     474       4.2616       1.9920
     475       3.9955       1.9535
     476       4.3036       1.9706
     477       4.0893       1.9917
     478       4.4931       2.0440
     479       4.2337       1.9582
     480       4.6995       1.9494
     481       4.0833       1.9731
     482       4.1139       1.9786
     483       4.2458       1.9556
     484       4.2056       1.9428
     485       4.3582       1.9680
     486       4.4326       2.0024
     487       4.0587       1.9374
     488       4.1974       2.0421
     489       3.9851       2.0617
     490       4.1980       1.9698
     491       4.3333       2.0041
     492       4.2568       1.9328
     493       4.3103       2.0387
     494       3.9825       1.9507
     495       3.9736       1.9691
     496       3.8784       1.9832
     497       4.3681       1.9888
     498       4.3130       2.0035
     499       4.3663       2.0528
     500       4.2393       2.0420
     501       4.1278       1.9659
     502       4.4163       1.9377
     503       4.3915       2.0568
     504       4.2856       1.9756
     505       4.1207       2.0322
     506       4.4323       1.9943
     507       4.2570       1.9704
     508       3.8359       2.0724
     509       3.9760       2.0191
     510       4.4264       1.9490
     511       4.0455       2.0542
     512       4.1766       2.0583
     513       4.2619       1.9419
     514       4.1165       2.0315
     515       4.4512       1.9714
     516       4.3217       1.9941
     517       3.9815       1.9852
     518       4.1636       1.9378
     519       4.2749       1.9800
     520       4.2886       1.9900
     521       4.2199       2.0134
     522       4.3712       2.0612
     523       4.3917       2.0532
     524       4.4222       2.0005
     525       4.2184       2.0037
     526       4.3043       1.9682
     527       4.2395       2.0449
     528       4.1575       1.9780
     529       4.2725       2.0733
     530       4.4000       1.9668
     531       4.4671       1.9812
     532       4.1006       1.9809
     533       4.0843       1.9741
     534       4.2010       1.9814
     535       4.1325       1.9344
     536       4.1729       2.0134
     537       4.4037       2.0032
     538       4.0288       2.0198
     539       4.1738       2.0199
     540       4.3010       1.9340
     541       4.2770       2.0646
     542       4.1810       1.9994
     543       4.2362       1.9967
     544       4.3847       2.0154
     545       4.2807       2.0090
     546       4.1700       2.0171
     547       4.3087       2.0641
     548       4.0641       2.0102
     549       4.4961       1.9788
     550       4.2078       2.0187
     551       4.2373       1.9932
     552       4.0568       2.0075
     553       4.0903       2.0356
     554       4.2362       2.0146
     555       4.1397       1.9037
     556       4.7398       2.0131
     557       4.1121       2.0065
     558       4.1385       1.9878
     559       4.1326       1.9976
     560       4.2853       2.0076
     561       4.2286       1.9282
     562       4.3627       1.9530
     563       4.1927       2.0123
     564       4.1206       2.0910
     565       4.2633       2.0817
     566       4.2027       1.9947
     567       4.0285       2.0734
     568       4.1753       1.9521
     569       4.1949       2.0176
     570       4.0733       1.9401
     571       4.4415       1.9216
     572       4.2128       1.9524
     573       4.4859       2.0574
     574       4.2917       1.9392
     575       4.3560       2.0249
     576       4.2444       1.9797
     577       4.1171       2.0088
     578       4.6221       2.0411
     579       4.3106       1.9771
     580       4.4935       1.9127
     581       4.3729       1.9698
     582       4.1641       2.0314
     583       4.5998       2.0384
     584       4.3009       1.9803
     585       3.9661       1.9611
     586       4.4173       1.9498
     587       3.9014       1.9812
     588       4.1224       2.0008
     589       4.1984       2.0549
     590       4.1290       2.0532
     591       4.3476       1.9874
     592       4.0474       2.0223
     593       4.0575       2.0240
     594       4.4194       1.9536
     595       4.3529       1.9652
     596       4.5352       2.0161
     597       4.1453       2.1338
     598       4.2707       1.9637
     599       3.7752       1.9672
     600       4.2321       1.9703
     601       4.2591       2.0500
     602       4.2557       2.0262
     603       4.3357       1.9824
     604       4.2231       2.0245
     605       4.5921       2.0232
     606       4.1034       2.0591
     607       4.2257       1.9241
     608       4.3196       1.9370
     609       4.2583       1.9524
     610       4.4838       1.9465
     611       4.3702       1.9651
     612       4.2539       2.1235
     613       4.2514       1.9611
     614       4.2883       2.0108
     615       4.0985       2.0094
     616       4.1804       1.9452
     617       4.1683       1.9549
     618       4.2760       2.0044
     619       4.0135       1.9953
     620       4.0471       1.9907
     621       4.2738       2.0187
     622       4.4782       1.9477
     623       4.2237       2.1102
     624       4.4098       1.9462
     625       4.1161       1.9808
     626       4.4785       2.0216
     627       4.1115       2.0039
     628       4.2469       2.0730
     629       4.6496       1.9433
     630       4.2180       1.9461
     631       4.3652       1.9346
     632       4.6480       2.1340
     633       4.3677       2.0084
     634       4.4069       1.9654
     635       4.3004       1.9644
     636       4.1211       2.0403
     637       4.4195       1.9562
     638       4.2941       1.9953
     639       4.1258       1.9838
     640       4.2503       2.1261
     641       4.2100       2.0539
     642       4.0934       1.9581
     643       4.0549       1.9027
     644       4.3050       1.9744
     645       4.2835       1.9818
     646       3.9089       2.0074
     647       4.2926       2.0515
     648       4.4810       2.0228
     649       4.1978       1.9894
     650       4.2480       2.0009
     651       4.1784       2.0756
     652       4.3045       1.9627
     653       4.2396       2.0221
     654       3.9174       1.9888
     655       4.1771       1.9635
     656       4.2450       2.0524
     657       4.1444       1.9734
     658       4.5758       2.0339
     659       4.5005       2.0339
     660       4.4241       2.0265
     661       4.2794       2.0494
     662       4.3731       1.9783
     663       4.3104       2.0304
     664       4.1126       2.0479
     665       4.3404       2.0260
     666       4.3497       2.0506
     667       4.2153       2.0243
     668       4.0644       2.0313
     669       4.1666       2.0275
     670       4.5891       1.9797
     671       4.5370       2.0128
     672       4.0108       1.9828
     673       4.1657       2.1760
     674       4.0792       1.9690
     675       4.3436       1.9890
     676       4.2264       1.8912
     677       4.1353       2.0642
     678       4.2175       2.1013
     679       4.3384       1.9940
     680       4.1439       2.0490
     681       4.2069       2.0247
     682       4.0734       1.9896
     683       4.3717       2.0133
     684       4.2295       2.0043
     685       4.4470       1.9288
     686       4.0557       1.9910
     687       4.1605       2.0692
     688       4.6133       1.9930
     689       4.3538       2.0136
     690       4.1686       1.9648
     691       4.3179       2.0103
     692       4.2346       1.9925
     693       4.3220       2.0505
     694       4.0686       1.9120
     695       4.0983       1.9822
     696       4.1758       1.9822
     697       4.2964       2.0516
     698       4.2926       2.0360
     699       4.4601       2.0185
     700       4.3581       1.9069
     701       4.2812       1.9730
     702       3.9290       1.9210
     703       4.4659       1.9966
     704       4.4742       1.9560
     705       4.4099       1.9596
     706       4.2014       2.0631
     707       3.9858       2.1326
     708       4.5096       1.9812
     709       4.5341       1.9618
     710       4.3056       2.0314
     711       4.1756       2.0390
     712       4.4236       2.0289
     713       4.3219       2.1063
     714       4.3372       1.9370
     715       4.0236       2.0459
     716       4.0118       2.0043
     717       4.3198       1.9651
     718       4.1401       1.9915
     719       4.4050       1.9888
     720       3.9335       1.9973
     721       4.3363       2.0127
     722       4.3748       2.0446
     723       4.4460       2.0106
     724       4.1306       2.0177
     725       4.4789       2.0275
     726       4.3445       1.9960
     727       4.3517       2.0399
     728       4.2393       2.0761
     729       4.4677       1.9692
     730       4.5125       2.0139
     731       4.5144       1.9243
     732       4.0348       2.0293
     733       4.3052       1.9805
     734       4.5005       1.9996
     735       4.3091       2.0289
     736       4.1658       2.0187
     737       4.1122       2.0688
     738       4.4332       2.0182
     739       4.2796       2.0241
     740       4.2629       1.9511
     741       4.3159       2.0257
     742       4.3088       2.0926
     743       4.2198       1.9286
     744       4.3636       2.0018
     745       4.3814       1.9827
     746       4.3402       2.0350
     747       4.5867       1.9754
     748       4.1276       1.9938
     749       4.0000       2.0679
     750       4.5268       1.9968
     751       4.3418       1.9700
     752       4.1160       1.9893
     753       4.1402       2.0051
     754       4.2851       1.9928
     755       4.4261       1.9894
     756       4.0584       1.9993
     757       4.3594       1.9685
     758       4.3091       2.0196
     759       4.5466       2.0274
     760       4.0708       1.9775
     761       4.0784       1.9486
     762       4.4574       1.9985
     763       4.1136       1.9651
     764       4.4930       1.9979
     765       3.9627       2.0319
     766       4.4216       1.9947
     767       4.3515       2.0415
     768       4.1599       2.0298
     769       4.0153       1.9700
     770       4.3279       2.0318
     771       4.3396       1.9957
     772       4.2330       1.9860
     773       4.1028       1.9938
     774       4.2227       1.9877
     775       4.2755       2.0135
     776       4.5480       2.1110
     777       4.3278       1.9695
     778       4.6260       1.9919
     779       4.2444       1.9375
     780       4.3379       1.9352
     781       4.3237       1.9408
     782       4.1290       2.1447
     783       4.4375       2.0459
     784       4.3994       1.9747
     785       4.3419       1.9668
     786       4.1600       1.9390
     787       4.5652       1.9859
     788       4.4905       1.9690
     789       4.1974       1.9358
     790       4.5279       2.0757
     791       4.1973       1.9935
     792       4.3947       1.9192
     793       4.5678       1.9726
     794       4.4460       1.9626
     795       4.0859       1.9571
     796       4.3803       1.9632
     797       4.2330       2.0086
     798       4.0496       2.1182
     799       4.1681       1.9762
     800       4.2440       1.9772
     801       4.3646       2.0214
     802       4.2554       1.9972
     803       4.0287       1.9680
     804       4.2950       2.0207
     805       4.4551       2.0210
     806       4.0617       1.9677
     807       4.1246       1.9470
     808       4.0565       1.9692
     809       4.3651       2.0343
     810       4.0816       2.0179
     811       4.1576       1.9650
     812       4.2272       2.0595
     813       4.1988       2.0123
     814       4.1067       2.1252
     815       4.1922       2.0082
     816       4.1969       2.0044
     817       3.9587       2.0340
     818       4.2853       1.9425
     819       3.8741       1.9622
     820       4.1320       1.9430
     821       4.3492       2.0571
     822       4.3317       1.9558
     823       4.3722       1.9545
     824       3.8817       1.9519
     825       3.8103       2.0250
     826       4.3439       2.0341
     827       4.4837       1.9803
     828       4.3348       2.0375
     829       4.2112       2.0086
     830       3.7702       2.0528
     831       3.7540       1.9836
     832       4.2312       1.9356
     833       3.8932       2.0715
     834       3.9202       2.0048
     835       4.2866       2.0296
     836       4.2004       1.9318
     837       4.3217       2.0022
     838       4.4407       1.9882
     839       4.4159       2.0303
     840       4.0246       1.9772
     841       4.4125       1.9442
     842       4.2571       2.0843
     843       4.1603       1.9938
     844       4.3951       1.9716
     845       4.0725       2.0549
     846       4.0966       2.0375
     847       3.9945       2.0201
     848       4.3192       2.0544
     849       4.5337       2.0083
     850       4.3707       2.0389
     851       4.1276       2.0471
     852       4.5196       1.9910
     853       4.3143       2.0127
     854       4.1726       1.9839
     855       4.1856       1.9910
     856       4.2906       1.9919
     857       4.2435       1.9491
     858       4.1458       2.1129
     859       3.9390       1.9546
     860       4.1650       1.9262
     861       4.1563       2.0371
     862       4.2278       2.0602
     863       4.2204       2.0290
     864       3.9992       1.9556
     865       4.1763       1.9960
     866       4.2914       1.9392
     867       4.3400       1.9718
     868       4.5529       2.0391
     869       4.3730       1.9918
     870       4.0868       1.9267
     871       4.1501       2.0813
     872       4.2309       1.9284
     873       4.3344       1.9977
     874       4.2163       2.0599
     875       4.2263       2.0619
     876       4.4214       1.9322
     877       4.2377       2.0280
     878       4.0918       1.9919
     879       4.4060       1.9861
     880       4.2348       2.0222
     881       4.3463       1.9561
     882       4.5595       1.9983
     883       4.1314       2.0210
     884       3.9819       1.9579
     885       4.4989       1.9623
     886       4.2981       2.0068
     887       4.4435       1.9258
     888       4.3214       1.9723
     889       4.5319       2.0134
     890       4.4099       1.9932
     891       4.5100       2.0330
     892       4.1521       1.9860
     893       4.1475       2.0039
     894       4.3965       2.0240
     895       3.9997       2.0004
     896       4.0515       1.9372
     897       4.4085       1.9326
     898       4.2872       1.9955
     899       4.3884       1.9302
     900       4.1210       1.9846
     901       4.1729       1.9457
     902       4.4143       2.0036
     903       4.7034       1.9550
     904       4.6244       2.0053
     905       4.1980       2.0111
     906       4.1717       1.9408
     907       4.2469       2.0187
     908       4.0481       2.0013
     909       4.2369       1.9789
     910       4.3065       1.9767
     911       4.1400       2.0136
     912       4.2060       2.0141
     913       4.1577       1.9519
     914       4.3822       1.9757
     915       4.2922       2.0363
     916       4.2709       2.0173
     917       4.2313       2.0069
     918       4.0927       2.0296
     919       4.0771       2.0690
     920       3.9545       1.9579
     921       4.2173       2.0202
     922       4.4458       1.9702
     923       4.1215       1.9586
     924       4.2058       1.9667
     925       4.1237       1.9933
     926       4.2389       1.9783
     927       4.2690       1.9967
     928       4.0901       1.9758
     929       4.3094       2.0362
     930       4.2003       1.9881
     931       4.1927       2.0201
     932       4.3898       1.9597
     933       4.1931       2.0042
     934       4.3884       2.0293
     935       4.2685       1.9741
     936       4.6516       1.9435
     937       4.5410       1.9452
     938       4.3748       1.9568
     939       4.5758       1.9479
     940       4.2312       1.9455
     941       4.0660       2.0052
     942       4.2449       1.9289
     943       4.1375       2.0070
     944       4.3580       1.9139
     945       4.3787       1.9680
     946       4.4632       2.0222
     947       4.4940       1.9902
     948       4.4580       1.9661
     949       4.5279       1.9389
     950       4.1745       2.0321
     951       4.3400       1.9723
     952       4.0015       2.0662
     953       4.5244       1.9685
     954       3.9887       1.9670
     955       4.5169       2.0419
     956       4.4055       2.0895
     957       4.2959       2.0092
     958       4.2987       1.9700
     959       4.0331       1.9086
     960       4.1972       1.9564
     961       4.0953       2.0131
     962       4.3496       1.9952
     963       4.4213       1.9544
     964       4.3173       1.9560
     965       4.1419       2.0069
     966       4.2967       2.0394
     967       4.2929       2.0261
     968       4.3424       2.0410
     969       4.1889       2.0187
     970       4.3999       1.9369
     971       4.3936       2.0038
     972       4.1677       2.0352
     973       4.2313       2.0989
     974       4.1485       1.9549
     975       4.2852       1.9211
     976       3.9432       2.1219
     977       4.0632       1.9695
     978       3.9998       2.0149
     979       3.9734       2.0302
     980       3.9885       2.0637
     981       4.2365       2.0837
     982       4.2547       1.9644
     983       3.9641       2.0094
     984       4.2684       1.9855
     985       4.3753       1.9566
     986       4.1728       2.0013
     987       4.4559       2.0878
     988       4.0642       1.9762
     989       3.8271       2.0085
     990       4.2987       1.9853
     991       3.9888       1.9734
     992       4.1629       1.9710
     993       4.2617       2.0593
     994       4.2948       1.9725
     995       3.8915       1.9823
     996       4.2654       1.9732
     997       4.2820       2.0124
     998       4.2834       2.0630
     999       4.6289       1.9077
    1000       4.1915       2.0025
