#Frame        Mn1_W96     Mn1_W274      Mn2_W96     Mn2_W274
       1       8.6031      32.3076      31.5696       9.0186
       2       8.5376      32.1630      30.8814       9.0398
       3       8.7946      32.6614      31.9521       9.0276
       4       8.6825      32.4476      31.4746       8.8085
       5       8.3056      32.6509      30.9112       9.0571
       6       8.3039      32.9734      31.5288       9.1627
       7       8.4167      32.4358      31.6904       8.7840
       8       8.5167      32.5744      32.2464       8.9135
       9       8.6207      32.6643      31.7309       8.9712
      10       8.5757      32.6578      31.8983       8.9796
      11       8.3420      32.2679      31.7039       8.9399
      12       8.4763      32.5159      31.8187       8.6299
      13       8.8451      32.9730      32.6318       8.6735
      14       8.3415      32.6167      32.0029       8.8811
      15       8.6974      33.5908      33.3390       8.6347
      16       8.9201      34.3450      33.4085       9.2906
      17       8.6154      33.0378      32.6289       8.6472
      18       8.6838      32.9410      32.2811       8.8099
      19       9.0677      32.4691      32.4295       8.9379
      20       8.4911      32.5242      31.9171       9.0081
      21       8.9674      33.1239      32.2216       8.8689
      22       8.3013      32.4187      30.7591       8.9676
      23       8.2983      32.8912      30.9911       9.4009
      24       8.3219      33.3668      31.3852       9.1487
      25       8.5806      32.8361      32.0458       8.7153
      26       8.7784      32.6990      31.9946       9.4465
      27       8.7269      32.7789      32.1868       8.7309
      28       8.2601      32.6998      31.6500       9.1695
      29       8.5025      32.8729      32.0502       9.0599
      30       8.1658      33.0037      31.7218       9.3885
      31       8.7027      32.6560      32.2609       9.1852
      32       8.2179      32.7621      31.6970       9.1692
      33       8.5686      32.6705      31.7882       9.1941
      34       8.4310      32.2648      31.2977       8.9036
      35       8.4278      32.7093      31.7237       8.4721
      36       8.1547      32.9108      30.9748       9.0742
      37       8.3744      33.3317      31.5493       8.8833
      38       8.5142      32.4215      31.7826       8.4184
      39       8.6561      32.4712      31.5640       8.8847
      40       8.5838      32.9675      32.4964       9.1274
      41       8.8264      32.6096      32.4389       9.2001
      42       8.3950      33.0666      32.5235       8.9832
      43       8.7669      33.2629      32.6701       9.1733
      44       8.3224      32.5224      31.5447       9.0311
      45       8.6743      32.6745      32.0391       9.1009
      46       8.8527      32.6310      32.3720       9.1002
      47       8.4510      32.3063      31.4892       9.1610
      48       8.3048      32.3030      31.2230       9.3994
      49       8.6786      33.0847      31.9621       9.4249
      50       8.2546      32.5027      31.1737       9.3793
      51       8.1665      32.4240      31.6329       9.1431
      52       8.6839      32.8870      31.7692       9.0817
      53       8.8172      32.6177      32.0968       8.6503
      54       8.7223      32.4855      31.8671       8.4147
      55       8.6248      32.4709      31.6844       8.5899
      56       8.4958      32.4131      31.2525       8.5976
      57       8.6084      32.8915      31.5470       8.6122
      58       8.7540      33.1154      32.4120       9.2497
      59       8.7105      32.9675      32.5272       9.4010
      60       8.1956      32.9853      32.1063       9.1462
      61       8.5165      32.7169      31.5901       9.1514
      62       8.5357      32.9681      31.7961       8.9866
      63       8.5730      32.5791      31.2462       9.1650
      64       8.2176      32.9982      30.9374       9.2597
      65       8.6387      32.7893      31.3790       9.0684
      66       8.6475      32.3435      30.7670       9.6913
      67       8.5212      32.8091      30.8038       9.4295
      68       8.4430      32.7112      30.4119       9.7231
      69       8.2279      32.9993      30.7727       9.0695
      70       8.3620      32.1600      30.5497       9.1313
      71       8.5011      32.7690      31.0333       9.4517
      72       8.5247      32.6986      31.0148       9.1849
      73       8.7916      32.9546      30.7659       9.4917
      74       8.5806      32.6448      31.0687       8.9548
      75       8.1712      32.7703      30.5239       9.3455
      76       8.3527      32.7224      30.9862       9.1224
      77       8.4803      32.7489      31.4952       9.0307
      78       8.4359      33.0380      31.5277       9.4420
      79       8.1810      32.3387      30.7880       9.2082
      80       8.5646      32.9323      31.0317       9.5372
      81       8.8297      32.6731      31.3270       9.4434
      82       8.9748      32.8902      32.1493       9.2963
      83       8.3999      32.7294      31.2899       9.3049
      84       9.0181      32.8866      31.4930       9.4494
      85       8.7223      32.3490      31.4157       9.2871
      86       8.2416      32.8926      30.6059       9.5608
      87       8.4201      32.7997      31.3633       9.1469
      88       8.7110      33.7391      32.0825       9.7679
      89       8.6490      33.4324      31.8251       9.5160
      90       8.1603      33.3741      31.1894       9.2553
      91       8.9140      32.7617      31.7453       8.9476
      92       8.4985      32.9891      31.4306       9.6766
      93       8.6759      33.6719      32.1513       9.4054
      94       8.7557      33.1562      31.7976       9.0092
      95       8.8473      33.3198      31.6634       9.2609
      96       8.4360      32.7202      31.0985       9.1281
      97       8.2659      32.9351      30.8320       9.4534
      98       8.6426      33.1342      31.9654       9.0882
      99       8.5872      32.6001      30.9025       9.3635
     100       8.2524      33.0173      30.8586       9.5901
     101       8.0361      32.7143      31.0182       9.3100
     102       8.4611      32.3141      30.9685       9.2651
     103       8.4820      32.9958      31.2350       9.4367
     104       8.5730      32.6308      31.4181       9.4698
     105       8.5402      33.3727      31.2222       9.8279
     106       8.5241      32.5127      31.0546       9.3628
     107       8.4156      32.9561      30.8934       9.3560
     108       8.4330      32.5869      31.2023       9.3886
     109       8.5570      33.2917      31.0289       9.7762
     110       8.6167      32.5904      31.1874       9.4160
     111       8.4955      32.9779      31.4168       9.7103
     112       8.7289      33.0810      31.3710       9.9368
     113       8.4399      32.9290      31.8531       9.3494
     114       8.4570      32.8375      31.1638       9.3255
     115       8.7962      32.7841      31.7636       9.5350
     116       8.2710      33.5926      31.3696       9.8392
     117       8.8818      33.3785      32.2270       9.6853
     118       8.8474      33.1382      32.1592       9.4256
     119       8.7200      33.5907      32.5204       9.9101
     120       8.5034      33.0647      31.4368       9.7172
     121       8.7729      33.3094      32.3559       9.4082
     122       8.3197      33.1580      31.7734       9.3036
     123       8.7689      32.9228      32.4512       9.0375
     124       8.7206      33.6614      33.0628       9.0947
     125       8.7640      33.1338      31.9711       9.6668
     126       8.7398      33.2951      32.3815       9.1548
     127       8.2972      33.7865      31.6133       9.6623
     128       8.2715      33.1864      31.4155       9.2874
     129       8.3445      33.4711      31.7170       9.4114
     130       8.6402      33.2278      31.4971       9.8439
     131       8.6384      33.6397      31.9532       9.5416
     132       8.8861      33.6789      31.8279       9.9907
     133       8.6954      33.6717      32.3759       9.8517
     134       8.2471      33.6091      31.7378       9.5981
     135       8.1797      33.1687      31.7710       9.7515
     136       8.4059      33.5351      31.8545       9.6410
     137       8.3807      33.3769      32.0811       9.3623
     138       8.3666      33.1443      31.5235       9.6168
     139       8.3173      33.7482      32.1841       9.6218
     140       8.1530      32.7504      31.5317       9.2114
     141       8.3864      33.6384      31.9363       9.6820
     142       8.2528      33.6474      31.8922       9.8971
     143       8.6697      33.2403      32.1161       9.3286
     144       8.3479      33.2823      31.5469       9.6235
     145       8.2576      33.1635      31.5425       9.4889
     146       8.8672      33.5583      32.8855       9.5153
     147       8.9325      34.0478      32.7143       9.9834
     148       8.6961      33.3890      32.6841       9.5642
     149       8.5330      33.8983      32.4861       9.5336
     150       8.4435      33.2924      31.7849       9.2821
     151       8.3422      33.6959      32.1594       9.5480
     152       8.6317      32.8363      32.0161       9.0928
     153       8.6331      33.1421      31.8774       9.9458
     154       8.2325      33.6697      31.5139       9.6748
     155       8.8660      33.0811      31.9270       9.7689
     156       8.6139      32.6891      30.9734       9.3536
     157       8.4658      33.0470      31.5382       9.2715
     158       8.1982      33.8336      31.6865       9.9363
     159       8.4815      32.8587      31.8178       9.7492
     160       8.6785      32.9174      31.5960       9.8735
     161       8.7113      32.9822      31.8441       9.4408
     162       8.2418      32.7891      31.5709       9.5135
     163       8.5856      32.9282      31.9828       9.5641
     164       8.5044      32.7131      31.3323       9.2744
     165       8.7897      33.2181      32.0846       9.3867
     166       8.5309      33.3820      31.6304       9.7877
     167       8.5429      33.6723      31.5593       9.9433
     168       8.3572      33.4555      31.2538      10.0294
     169       8.6217      32.6165      31.6124       9.1075
     170       8.7279      32.8189      31.6184       9.2893
     171       8.9211      32.9542      31.4285       9.6407
     172       8.9594      32.9743      32.0950       9.5595
     173       8.4231      33.3274      31.8751       9.8833
     174       8.6003      32.9964      31.7526       9.6654
     175       8.6503      33.1692      31.7839       9.7028
     176       8.5404      33.6494      32.0517       9.7022
     177       8.2601      33.1637      31.3466       9.7742
     178       8.1996      33.1012      31.0430       9.9736
     179       8.2627      33.1066      31.9151       9.5184
     180       8.2860      33.5189      31.6003       9.8785
     181       8.9149      33.2162      32.6868       9.7400
     182       8.4974      33.5939      32.1034       9.5209
     183       8.7724      32.9311      32.1608       9.4042
     184       8.5693      33.3485      31.8245       9.6127
     185       8.6634      33.3044      32.3358       9.4353
     186       8.3067      34.1502      31.9098       9.7089
     187       8.2889      33.2496      31.8208       9.5432
     188       8.9440      34.1733      32.5867       9.5632
     189       8.3562      33.2276      31.4844       9.4009
     190       8.4875      33.3207      32.2432       9.6664
     191       8.3914      33.6750      32.0440       9.5450
     192       8.2921      32.4789      30.9539       9.6695
     193       8.5605      33.3561      31.9367       9.4013
     194       8.6944      33.2562      32.2790       9.3259
     195       8.6293      33.3679      32.7135       9.4182
     196       8.4315      33.6915      32.2423       9.6403
     197       8.4651      33.3120      31.8478       9.3223
     198       8.6518      33.1633      31.5835       9.6530
     199       8.5747      33.1884      32.0176       9.6207
     200       8.5308      33.5342      32.0589       9.9244
     201       8.5717      33.2375      31.6882       9.9877
     202       8.4888      33.2771      31.6906       9.5140
     203       8.6517      32.9967      32.2366       9.6260
     204       8.5044      33.5291      32.5046       9.5101
     205       8.3442      32.7055      31.5746       9.5823
     206       8.7070      33.3321      32.1151       9.7164
     207       8.7647      32.7700      31.9032       9.6029
     208       8.5622      32.9688      31.9725       9.7228
     209       8.7732      33.2621      32.2155       9.7820
     210       8.4814      33.0541      32.1702       9.4262
     211       8.5621      32.9845      31.9958       9.6060
     212       8.7698      33.2593      31.3645      10.0586
     213       8.9284      32.7600      31.8581       9.5204
     214       8.4600      32.9856      31.6116       9.6378
     215       8.5850      33.3844      32.2440       9.2500
     216       8.7636      32.6977      31.5729       9.4324
     217       8.9584      33.3440      32.4459       9.9284
     218       8.4596      33.1025      31.6402       9.5865
     219       8.2847      33.2222      31.2283       9.7107
     220       8.5612      32.9697      31.5840       9.3640
     221       8.5187      33.3803      31.9097       9.7118
     222       8.5223      33.3524      31.9743       9.7197
     223       8.6063      33.0422      32.0880       9.0763
     224       8.3761      32.6743      31.1363       9.6030
     225       8.5392      33.7149      32.9485       9.3733
     226       8.7011      33.4852      31.6291       9.9891
     227       8.4551      33.5368      31.6672      10.1868
     228       8.4731      33.2774      31.7421       9.6875
     229       8.6173      32.7404      31.7055       9.5382
     230       8.5263      33.0707      32.0626       9.5829
     231       8.9084      32.4595      32.3172       9.3866
     232       8.2802      32.8235      31.5896       9.2346
     233       8.4200      33.5196      31.6267       9.4969
     234       8.4956      33.0040      32.0461       9.5239
     235       8.6054      33.3966      31.8153       9.5575
     236       8.5618      32.8881      31.7137       9.7275
     237       8.6197      33.0239      31.6437       9.2794
     238       8.7038      32.5668      31.5744       9.5563
     239       8.7537      33.3170      31.9641       9.2973
     240       8.1342      33.3008      31.7044       9.1158
     241       8.4590      33.5986      32.3789       9.5023
     242       8.5836      33.2222      32.6364       9.3002
     243       8.7036      33.4224      32.2705       9.4810
     244       8.9165      32.4902      32.6408       9.3039
     245       8.7738      32.3456      32.1372       9.0869
     246       8.4535      33.1050      31.7214       9.3271
     247       8.7796      32.6253      31.9009       9.4846
     248       8.4103      32.6223      31.8309       9.3299
     249       8.5322      33.7308      32.5530       9.6351
     250       8.4325      34.1109      32.2641       9.7024
     251       8.2603      33.5712      31.7590       9.6947
     252       8.3688      33.1627      31.6233       9.5009
     253       8.3586      33.1350      31.6155       9.2962
     254       8.8755      33.1260      32.5616       9.3274
     255       8.6048      33.5258      32.2569       9.6477
     256       8.6494      32.9725      31.2842       9.5867
     257       8.6898      32.7733      31.8284       9.5465
     258       8.9581      33.0498      32.0313       9.7862
     259       8.3387      32.9914      31.5668       9.2310
     260       8.9939      33.1100      31.8602       9.7089
     261       8.6543      32.2801      31.4093       9.0144
     262       8.7941      32.6152      31.9191       9.4403
     263       8.4642      33.3364      31.6973       9.7522
     264       8.4787      33.0758      32.1421       9.4733
     265       8.6233      33.9075      32.7542       9.5795
     266       8.4254      32.8492      31.4740       9.4582
     267       8.7760      33.1467      31.5107       9.6854
     268       8.3206      33.8445      32.2994       9.6686
     269       8.6414      33.0966      32.0240       9.6672
     270       8.4628      33.6390      32.4055       9.8432
     271       9.1536      33.3872      32.9189       9.5754
     272       8.4514      32.7112      31.1809       9.1419
     273       8.2022      32.7334      30.7658       9.2951
     274       8.4873      32.9933      31.6911       9.6687
     275       8.7673      33.2489      32.0432       9.5075
     276       8.6653      32.8224      31.8123       9.5515
     277       8.8273      32.7092      31.8062       9.5840
     278       8.7487      32.7474      31.6582       9.5686
     279       8.4480      32.6467      31.6202       9.3860
     280       8.8179      32.6457      31.2530       9.5606
     281       8.6667      33.0445      31.8569       9.4775
     282       8.6266      33.1873      31.6660       9.5636
     283       8.0242      32.9668      31.2993       9.5020
     284       8.5008      33.2963      31.8556       9.5926
     285       8.3980      33.1574      31.7989       9.3587
     286       8.7102      33.7897      32.3631       9.4841
     287       8.5954      33.0326      31.6687       9.8159
     288       8.9561      33.2526      32.3051       9.5911
     289       8.5820      33.1230      31.7709       9.9618
     290       8.4106      33.2432      31.2289       9.7581
     291       8.5929      33.3122      31.6250       9.8166
     292       8.1249      33.4509      31.5782       9.6106
     293       8.5204      33.6461      32.1784       9.7888
     294       8.9242      33.0483      32.2313       9.4039
     295       8.5976      33.4110      32.2930       9.8002
     296       8.6733      33.4623      31.7811       9.6938
     297       8.5744      33.7323      32.2312       9.8250
     298       8.2300      33.4226      31.2688       9.7172
     299       8.6950      33.1706      32.1512       9.2089
     300       8.5270      33.6172      31.8355       9.4666
     301       8.0754      33.5888      31.4091       9.4519
     302       8.1378      33.8030      31.9718       9.9151
     303       8.5733      32.8307      31.9516       9.4006
     304       8.3044      33.3457      31.9018       9.2983
     305       8.0551      33.0347      31.3306       9.8012
     306       8.2173      32.8615      31.2118       9.2647
     307       8.7827      32.9108      31.4839       9.4030
     308       8.1980      32.1620      30.7545       9.0208
     309       8.6994      32.8895      31.7535       9.2011
     310       8.3080      33.1821      30.9852       9.8970
     311       8.5857      33.2065      31.7120       9.4736
     312       8.5829      33.3263      32.0400       9.9216
     313       8.3309      32.6512      30.8922       9.6824
     314       8.2682      33.1326      31.5938       9.3408
     315       8.3325      33.3263      31.4894       9.4275
     316       8.7777      33.6599      31.9022       9.6192
     317       8.4291      33.3069      31.8147       9.3742
     318       8.3575      33.5511      31.6649       9.7051
     319       8.3615      33.4119      31.9035       9.4385
     320       9.0622      33.4549      32.4081       9.3917
     321       8.2796      33.4894      31.8914       9.5169
     322       8.5330      33.2482      31.7030       9.7562
     323       8.4795      33.6230      31.6109       9.5774
     324       8.3281      33.4125      31.8735       9.4678
     325       8.6390      33.2221      31.7052       9.5844
     326       8.1358      33.8607      31.3755       9.7633
     327       8.3900      33.4325      31.2864       9.9230
     328       8.2746      33.4154      31.6306       9.8316
     329       8.5621      33.0214      31.7307       9.3023
     330       8.4022      33.1448      30.7547       9.9464
     331       8.5791      33.6185      31.8139      10.0830
     332       8.4388      33.7274      31.8567      10.0563
     333       8.2149      33.2545      30.9118       9.7063
     334       9.3576      32.8387      32.1540       9.4996
     335       8.7765      33.5878      32.0264       9.5479
     336       8.1620      33.1365      30.8163       9.6545
     337       8.3962      33.1219      31.3853       9.6072
     338       8.5749      32.4778      30.8046       9.2718
     339       8.9339      33.0365      31.8029       9.4190
     340       8.4449      33.3240      32.0195       9.5385
     341       8.5656      32.8733      31.9873       9.1540
     342       8.2490      33.2389      30.8380       9.6060
     343       8.4246      33.4249      31.8934       9.5326
     344       8.4299      33.1953      31.4990       9.6355
     345       8.3229      32.9466      30.7990       9.4641
     346       8.3782      33.1575      31.4339       9.8172
     347       8.7383      33.4640      31.6164       9.4646
     348       8.0831      33.6314      31.1690       9.9962
     349       8.2985      33.1674      31.2386       9.5809
     350       8.3001      34.0362      31.9448       9.5819
     351       8.2614      33.0240      31.0226      10.2145
     352       8.8210      33.2112      31.7506       9.6952
     353       8.5698      33.5052      32.0044       9.2974
     354       8.7240      33.8826      31.5740       9.8598
     355       8.5145      33.2251      31.5273       9.3205
     356       8.3685      33.8414      31.4534       9.5931
     357       8.4420      33.9065      32.4769       9.5491
     358       8.3856      33.8039      32.2381       9.6320
     359       8.6172      33.1883      31.7679       9.5211
     360       8.5901      33.5138      32.2276       9.5809
     361       8.4928      32.8407      31.3352       9.2108
     362       8.5771      33.1574      31.4709       9.4317
     363       8.6305      32.7757      31.2945       9.9149
     364       8.6613      33.2829      31.9320       9.4926
     365       9.0351      33.2126      32.4898       9.4460
     366       8.3492      33.7349      32.0926       9.7223
     367       8.1413      33.5555      31.3784       9.6120
     368       8.8683      33.4585      31.9839       9.8166
     369       8.8740      33.3970      31.8899       9.9187
     370       8.5101      33.4923      31.5365       9.6551
     371       8.3963      33.5806      31.2891       9.6335
     372       8.8674      33.3413      32.1780       9.0630
     373       8.5888      33.2470      32.2435       9.3565
     374       8.4718      33.5858      31.9887       9.7500
     375       8.7099      33.6596      32.3384       9.3543
     376       8.7091      33.4014      32.0609       9.4980
     377       8.4825      33.4537      32.1079       9.4144
     378       8.4194      33.4387      31.5602       9.7801
     379       8.5044      33.0296      31.7635       9.6237
     380       8.7165      34.0244      32.1310       9.8248
     381       8.9203      33.5498      32.5241       9.1035
     382       8.6530      33.3363      31.7891       9.5855
     383       8.6961      33.2634      31.9733       9.6294
     384       8.8829      32.9849      32.1962       9.5859
     385       8.4312      33.0572      31.7065       9.3779
     386       8.4369      33.5648      32.0086       9.3769
     387       8.2922      33.9836      31.9214       9.7983
     388       8.5382      32.9754      31.1856       9.5303
     389       8.3870      32.5839      31.2770       9.3781
     390       8.4924      33.1844      31.4467       9.9880
     391       8.4588      32.9666      31.4177       9.6505
     392       8.7688      33.5668      32.1436       9.6935
     393       8.6005      32.3377      32.0113       9.4713
     394       8.4250      32.5675      31.2945       9.7872
     395       8.6382      33.4170      31.2987       9.7010
     396       8.8677      32.4740      32.0625       9.1017
     397       8.7371      33.3799      31.7973       9.5614
     398       8.4097      32.7399      31.7657       9.4166
     399       8.7761      33.2990      31.5833       9.4256
     400       8.5054      32.5091      31.2343       9.5956
     401       8.2611      32.5508      31.0556       9.2681
     402       8.3937      33.1894      31.4416       9.5385
     403       8.6537      32.8847      31.4745       9.2776
     404       7.9264      33.1445      31.2086       9.3927
     405       8.5195      33.6406      31.8579       9.3527
     406       8.5478      33.2924      31.6761       9.3663
     407       8.6046      33.4337      31.6809       9.7204
     408       8.8219      34.2021      32.5658       9.9487
     409       8.3438      33.3896      31.7990       9.8021
     410       8.2720      33.4905      31.5465       9.6324
     411       8.7807      33.0978      31.7493       9.7872
     412       8.9865      33.4761      32.0679       9.6916
     413       8.7330      33.4605      32.4440       9.4586
     414       8.6489      33.3240      32.2027       9.3894
     415       8.6219      33.3901      32.5106       9.3249
     416       8.6276      34.2500      32.6247      10.0489
     417       8.6128      33.4967      31.7426       9.9508
     418       8.5993      33.5574      31.9567       9.6031
     419       8.7359      33.3337      32.0306       9.6000
     420       8.7125      32.7298      32.4715       9.1889
     421       8.8752      32.9098      32.1379       9.2136
     422       8.6988      33.3428      32.3621       9.3682
     423       8.5671      33.4962      32.8709       9.3727
     424       8.6829      33.9129      32.5428       9.4897
     425       8.5893      33.6498      32.1650       9.5201
     426       8.1974      33.5477      31.6670       9.6000
     427       8.5855      33.7300      32.2722       9.6532
     428       8.4081      33.8985      32.0340       9.8171
     429       8.3622      33.8871      32.4421       9.2544
     430       8.9349      33.7708      32.5588       9.9348
     431       8.5101      33.2583      32.0663       9.2907
     432       8.1633      34.1772      32.5940       9.4121
     433       8.7745      33.0275      31.7928       9.4975
     434       8.5632      32.9993      31.6007       9.4421
     435       8.3287      33.0328      31.5282       9.7353
     436       8.5910      34.0840      32.5230       9.4635
     437       8.7489      33.7434      32.3650       9.7300
     438       8.4383      33.2776      32.0420       9.1774
     439       8.4227      32.9923      31.4401       9.3475
     440       8.6653      33.0666      31.6110       9.6461
     441       8.6061      33.2769      31.7115       9.6838
     442       8.7698      33.1851      32.3401       9.4109
     443       8.8163      33.0271      31.5869       9.8299
     444       8.8014      32.4187      31.7978       8.9699
     445       7.9552      33.7132      31.4510       9.4673
     446       8.4555      33.4302      31.8672       9.8987
     447       8.8992      33.0738      31.8296       9.6272
     448       8.5493      33.0254      31.3830       9.8975
     449       8.8771      33.3406      32.2508       9.9355
     450       8.2481      33.1787      31.6504       9.5246
     451       8.2878      33.7003      32.2059       9.4152
     452       8.5294      33.6374      32.1344       9.5927
     453       8.1478      33.6778      31.8667       9.5038
     454       8.6076      33.3131      32.1841       9.3485
     455       8.4734      33.4259      31.8231       9.6048
     456       8.2492      34.0164      32.3853       9.3908
     457       8.4614      32.8192      32.0850       9.2111
     458       8.4754      33.2138      32.3677       9.1905
     459       8.4567      33.1027      32.0485       9.4749
     460       8.9392      33.4921      32.3203       9.5410
     461       8.3413      33.1762      31.3360       9.4115
     462       8.1053      33.1843      31.8927       9.1726
     463       8.6473      33.2948      31.8937       9.8974
     464       8.8294      33.1283      31.9949       9.3325
     465       8.3893      33.1873      31.4008       9.6234
     466       8.4030      33.7854      31.7034      10.0941
     467       8.6709      33.6528      32.0354       9.8162
     468       8.5114      33.2069      31.3208       9.6136
     469       8.6105      33.3761      31.5947       9.3688
     470       8.0947      33.3001      31.3082       9.7540
     471       8.5644      33.3294      31.5070       9.4751
     472       8.3091      33.1600      30.6103       9.7755
     473       8.2709      32.8261      31.5909       9.3682
     474       8.9447      33.0847      31.9223       9.4629
     475       8.6825      33.0330      31.7049       9.5613
     476       8.8252      33.2720      32.1971       9.8489
     477       8.0664      33.3247      30.6767      10.0712
     478       8.4790      33.5546      31.2583       9.8020
     479       8.4868      32.8071      31.1876       9.5600
     480       8.5068      32.6192      31.2831       9.1041
     481       8.3835      33.1647      31.3856       9.5578
     482       8.0769      32.7680      30.8344       9.8125
     483       8.7530      32.7735      31.5903       9.2259
     484       8.5963      33.5133      31.2828       9.8381
     485       8.5791      33.4389      31.6822       9.8737
     486       8.4325      32.8694      31.1432       9.4570
     487       8.8300      33.5635      31.8528       9.6966
     488       8.2920      33.2136      31.4914       9.7009
     489       8.3101      33.1635      31.8171       9.6519
     490       9.0930      32.7210      31.7829       9.7262
     491       8.4406      33.3251      31.2720       9.7650
     492       8.2041      32.9550      31.0622       9.4823
     493       8.5672      32.7058      31.0324       9.4215
     494       8.4105      33.3249      31.5718       9.8054
     495       8.2217      33.5468      31.1694       9.9080
     496       8.7442      33.2777      31.9874       9.6767
     497       8.5927      33.1136      30.9492       9.7995
     498       8.8108      32.8608      32.1612       9.1793
     499       8.5879      33.1203      31.8520       9.4712
     500       8.9634      33.1717      31.8867       9.5188
     501       9.0190      32.6614      32.0357       9.2027
     502       8.0985      33.4243      31.4636       9.5597
     503       8.1899      33.1909      31.8345       9.2525
     504       8.6565      32.5997      31.1967       9.4679
     505       8.4799      33.4408      31.1934      10.0727
     506       8.8527      33.3768      31.4530       9.7303
     507       8.4878      32.5843      30.7219       9.3798
     508       8.8594      33.3115      31.4742       9.5019
     509       8.4080      33.7284      31.8692       9.7761
     510       8.5218      33.7152      31.5226       9.5434
     511       8.5648      33.4201      31.5255       9.8780
     512       8.2083      32.9335      31.2122       9.6163
     513       8.3968      33.0044      31.0144       9.9258
     514       8.7335      33.3644      32.1025       9.5930
     515       8.4291      32.7778      31.2603       9.3200
     516       8.7472      32.8641      31.8009       9.4551
     517       8.5487      33.2001      31.9680       9.6428
     518       8.7595      33.1220      31.9099       9.3559
     519       8.2348      32.8756      31.0162       9.3477
     520       7.9647      32.9716      31.0585       9.5771
     521       8.7996      32.9071      31.4858       9.8432
     522       8.7154      32.9305      31.0374       9.3859
     523       8.5318      32.8876      31.4986       9.4197
     524       8.5715      32.9200      31.4346       9.7120
     525       8.0720      32.7296      31.3873       9.3511
     526       8.3945      33.1790      31.3584       9.6703
     527       8.5736      33.3902      31.7050       9.7314
     528       8.2344      33.6421      31.3503      10.0451
     529       8.9935      33.5932      32.7552       9.7942
     530       8.2477      33.4396      32.0226       9.2123
     531       8.7784      33.2395      32.1068       9.5003
     532       8.4198      33.9262      31.7693       9.9101
     533       8.7784      33.9432      32.5488       9.8864
     534       8.8323      34.2251      32.9068       9.6361
     535       8.9703      33.3012      32.3346       9.3707
     536       8.7798      33.4364      32.2065       9.7497
     537       8.4315      32.6851      31.4768       9.4810
     538       9.3544      33.0851      33.0441       9.6004
     539       8.6207      33.4839      32.3827       9.7368
     540       8.5612      33.6221      32.0446       9.9459
     541       8.4167      33.0118      31.5686       9.6811
     542       8.4905      33.1166      32.1904       9.5987
     543       8.8267      33.1979      32.2775       9.5486
     544       8.7036      33.3971      32.6140       9.4582
     545       8.7651      33.5689      32.4538       9.6527
     546       8.4432      33.7651      31.8592       9.6270
     547       8.9367      33.2028      32.3046       9.3868
     548       8.2801      33.4084      31.9823       9.7375
     549       8.3065      33.3676      31.3926       9.7176
     550       8.5654      33.8913      32.4219       9.8352
     551       8.5179      34.0085      32.3637       9.4400
     552       8.5359      33.4134      31.8847       9.3446
     553       8.5348      33.1416      31.7083       9.5613
     554       8.5610      33.5367      32.2487       9.9236
     555       8.3053      33.5111      31.5413       9.8204
     556       9.0552      33.4756      32.2599       9.6545
     557       8.6318      33.4893      32.0250       9.6725
     558       8.6682      32.9729      31.9504       9.2081
     559       8.5992      33.7525      32.0955       9.5404
     560       9.0835      33.5125      32.9680       9.7830
     561       8.3712      33.3713      32.4295       9.3049
     562       9.2706      34.1482      33.0254       9.6230
     563       8.5485      33.4944      31.9603       9.6659
     564       8.5444      33.8325      32.5965       9.9302
     565       8.6384      33.1256      32.5036       9.2701
     566       8.3693      32.9905      31.5745       9.5603
     567       8.3797      33.6317      31.9224       9.4740
     568       8.3433      33.8318      32.0064       9.5170
     569       9.1663      33.9863      33.1402       9.7915
     570       8.8489      33.6421      32.8265       9.5972
     571       9.0547      33.7914      33.0725       9.3638
     572       8.2220      34.0361      32.3243       9.7699
     573       8.5508      33.9181      33.1714       9.4090
     574       8.4498      33.6179      32.1786       9.4860
     575       8.4671      33.5635      31.8301       9.5220
     576       8.4541      33.4268      32.1305       9.6291
     577       8.7797      32.9399      32.0484       9.1067
     578       8.3672      33.2754      31.9347       9.6239
     579       8.9400      33.3148      32.2043       9.5245
     580       8.6666      33.1057      31.7796       9.5983
     581       9.1134      32.9595      31.7630       9.6190
     582       8.2520      33.4991      32.2164       9.4942
     583       8.3677      33.4573      32.3302       9.6194
     584       8.6677      33.6956      32.3082       9.7531
     585       8.4997      32.7460      31.4470       9.6103
     586       8.3835      32.8650      31.5243       9.6586
     587       8.4369      33.2590      32.0342       9.5817
     588       8.4941      33.0922      32.0235       9.1724
     589       8.8586      32.6916      32.0009       9.7601
     590       8.7868      33.3655      32.1845       9.7546
     591       8.6104      33.3665      31.7248       9.8426
     592       8.5224      33.7419      32.0630       9.9240
     593       8.5615      33.2091      31.4833      10.3087
     594       8.4578      32.8690      31.7353       9.2758
     595       8.7699      33.1879      31.9249       9.5548
     596       8.3155      33.1243      31.3330       9.4878
     597       8.7278      32.6129      31.5683       9.2048
     598       8.7760      32.7617      31.9813       9.4334
     599       8.8355      32.8198      32.0586       9.6884
     600       8.7351      33.0922      32.0762       9.3630
     601       8.6150      33.3896      31.8382       9.8919
     602       8.7182      32.8315      31.9012       9.6071
     603       8.5300      32.8652      31.2746       9.5672
     604       8.5458      33.3721      31.6711       9.6546
     605       8.4988      34.0554      31.8307       9.8672
     606       8.9858      33.2692      31.6115       9.6929
     607       8.5804      33.7200      32.1033       9.8164
     608       8.5333      33.6604      31.3912      10.1278
     609       8.5891      32.8837      31.2453       9.4254
     610       8.4346      33.4279      31.3403       9.2910
     611       8.1650      33.8216      31.2398       9.7430
     612       8.3075      33.1840      31.4612       9.8721
     613       8.2386      32.9948      31.5286       9.1438
     614       8.3431      33.1140      31.5626       9.9407
     615       8.3406      33.4614      31.9050       9.3171
     616       8.2012      33.7942      31.1295       9.9635
     617       8.3713      33.3609      31.1818       9.5920
     618       8.3912      33.5788      31.7265       9.7630
     619       8.7058      33.1560      31.8515       9.2864
     620       8.1672      33.7161      32.0072       9.3064
     621       8.3889      33.3264      31.8785       9.5609
     622       8.5194      33.2825      31.6170       9.2884
     623       8.3866      33.3954      31.7897       9.8417
     624       8.5682      34.1738      32.3017       9.5309
     625       8.4983      33.7649      32.0881       9.6266
     626       8.4416      33.3787      31.6236       9.5852
     627       8.6094      32.6906      32.3974       9.2864
     628       8.6070      33.8863      32.7332       9.6860
     629       8.2220      33.7819      31.6749       9.6806
     630       8.4437      33.3681      31.7892       9.3438
     631       8.2895      33.4259      31.5550       9.5730
     632       8.6745      32.9209      31.6274       9.5664
     633       7.8911      32.4964      31.0734       8.9172
     634       8.7275      32.9791      32.0137       9.5003
     635       8.3201      32.8940      31.6275       9.3638
     636       8.1616      33.2723      31.5482       9.5821
     637       8.3192      33.4919      31.3636       9.4523
     638       8.4818      33.0185      31.4909       9.1970
     639       8.2905      33.2167      31.9497       9.9215
     640       8.1860      32.8064      31.4095       9.3246
     641       8.7249      32.9508      31.4804       9.6029
     642       8.5048      33.4063      31.7993       9.6713
     643       8.8107      33.3844      32.3852       9.5845
     644       8.4608      33.6089      31.9825       9.6826
     645       8.6525      33.7762      31.9115      10.1120
     646       8.9120      32.8751      32.0401       9.9129
     647       8.4424      33.1773      31.7032       9.3844
     648       8.7218      32.8201      32.0531       9.3789
     649       8.5181      33.7807      32.1058       9.8690
     650       8.4057      34.3169      32.8186       9.4121
     651       8.6001      33.0424      32.0597       9.4063
     652       8.6571      33.4843      32.0084       9.8866
     653       8.2811      33.1383      31.9343       9.6649
     654       8.4778      33.4347      32.1470       9.5223
     655       8.5365      33.7504      32.7085       9.5530
     656       8.4424      33.4631      32.5561       9.4470
     657       8.3919      33.0999      31.8470       9.3802
     658       8.6970      32.8911      31.9940       9.4348
     659       8.8748      33.4448      32.9744       9.0730
     660       9.0368      32.4746      32.1473       9.3615
     661       8.3516      32.8398      31.7038       9.5338
     662       8.3804      33.5447      31.9679       9.3233
     663       8.5451      34.0887      32.1220       9.6927
     664       8.4511      34.2659      32.9434       9.6020
     665       8.5083      33.8107      32.5536       9.7884
     666       8.5965      33.6729      32.5465       9.4018
     667       8.6709      33.3595      31.6857       9.8167
     668       8.4276      33.5602      32.2823       9.2693
     669       8.3890      33.7641      32.4832       9.5694
     670       8.4372      33.8516      32.0862       9.5571
     671       8.4956      33.3341      31.8154       9.4390
     672       8.2418      33.4130      31.7025       9.9451
     673       8.9390      33.7086      33.0730       9.3054
     674       8.7724      34.0740      32.6406       9.6715
     675       8.2211      33.1376      31.8776       8.7760
     676       8.5421      33.4238      32.2366       9.2030
     677       8.3096      33.0668      31.9265       9.4367
     678       8.7734      33.9863      32.4390       9.8697
     679       8.6473      33.6518      32.4319       9.8290
     680       8.7452      33.7072      32.5255       9.9634
     681       8.6271      33.7485      32.2483       9.5944
     682       8.7645      33.6672      32.2988       9.6885
     683       8.2389      34.0023      32.3068       9.6915
     684       8.7248      33.4898      32.7695       9.4609
     685       8.3696      33.7561      32.6282       9.0449
     686       8.2616      34.0793      32.2048       9.7296
     687       8.2619      33.7537      31.7794       9.5344
     688       8.3423      32.9359      32.1430       9.3082
     689       8.6506      33.4066      32.3190       9.5032
     690       8.6788      33.7000      32.1829       9.2630
     691       8.2980      33.6230      31.5357       9.5135
     692       8.5167      33.7951      31.8786       9.5272
     693       8.6000      34.0600      32.5242       9.5116
     694       8.8226      33.8840      32.4151      10.0252
     695       8.5237      33.9328      32.5124       9.7914
     696       8.6424      33.9228      32.0851       9.4536
     697       8.0840      33.5619      31.6570       9.5620
     698       8.1362      33.9913      31.6584       9.7370
     699       8.2303      34.0599      32.0604       9.5866
     700       8.5861      32.9783      31.8348       9.3886
     701       8.3248      33.5406      32.0456       9.3108
     702       8.4874      33.6772      32.1082       9.3374
     703       8.5267      34.4753      32.3029       9.9956
     704       8.6393      34.2030      32.4187      10.0610
     705       8.5724      33.1448      32.2358       9.1028
     706       8.6473      33.8007      31.8012       9.7340
     707       8.4848      33.5730      32.1777       9.5010
     708       8.4821      33.5805      32.0765       9.0404
     709       8.5486      33.2098      31.9455       9.3880
     710       8.4833      33.6899      32.0138       9.5706
     711       8.7164      33.5319      32.4406       9.3935
     712       8.6252      33.7713      32.5563       9.3104
     713       8.5891      33.4165      32.3774       9.2946
     714       8.4496      32.9346      31.6453       9.7101
     715       8.7566      33.3313      32.3540       9.5238
     716       8.8451      33.3829      32.2596       9.3760
     717       8.5674      33.8011      32.6674       9.5701
     718       8.7332      33.5552      32.2831       9.8564
     719       8.7223      33.9114      32.4626       9.8585
     720       8.2197      33.4151      31.7331       9.5130
     721       8.7719      33.9694      32.7183       9.9256
     722       8.6035      33.6031      32.5459       9.5668
     723       8.2090      33.8180      32.0688       9.3265
     724       8.7582      33.9096      32.5532       9.7894
     725       8.6034      33.3602      32.6259       8.9685
     726       8.6589      33.0260      32.1937       9.2289
     727       8.0479      33.5966      31.5999       9.5728
     728       8.4587      33.9093      32.3363       9.6875
     729       8.8857      33.7791      32.0789      10.0064
     730       8.6798      33.0219      31.7979       9.5151
     731       8.4554      33.3984      31.5794       9.3605
     732       8.9892      33.1324      32.6489       9.3040
     733       8.8388      33.5081      32.0592       9.5725
     734       8.3602      33.6209      31.8772       9.6303
     735       8.3541      33.5225      31.9181       9.5032
     736       9.0934      33.8020      33.0261       9.3315
     737       8.3200      33.3443      31.9489       9.5004
     738       8.1808      33.9070      31.6805       9.5094
     739       8.4723      33.5465      32.5420       9.3147
     740       8.9669      32.8938      32.1992       9.4136
     741       8.5895      33.7826      32.4258       9.5384
     742       8.5360      33.5871      32.4264       9.7623
     743       8.3028      33.8687      32.2959       9.5994
     744       9.0565      33.5873      32.0438      10.0175
     745       8.5838      34.1896      33.1224       9.4596
     746       9.1142      33.3190      32.5014       9.5944
     747       8.4312      33.1776      31.4841       9.6354
     748       9.0252      33.1129      32.3552       9.4527
     749       8.1384      33.9505      32.1513       9.8812
     750       8.2219      33.3099      31.6297       9.4350
     751       8.6945      33.4421      31.8051       9.3696
     752       8.6728      33.8093      32.2644       9.7359
     753       8.8048      33.5500      32.2527       9.4251
     754       8.2655      33.1094      31.5539       9.8684
     755       9.0096      33.3590      31.9314       9.6776
     756       8.4948      33.4590      31.6276       9.7238
     757       8.1811      33.4670      31.1147       9.8703
     758       8.3891      33.3341      31.2542       9.6392
     759       8.4116      33.2651      31.9789       9.5574
     760       8.4469      33.0737      31.2441       9.4316
     761       8.3016      33.0813      31.2163       9.3697
     762       8.8715      33.4111      32.1636       9.5055
     763       8.3934      33.5127      32.3553       9.4407
     764       8.3182      34.0365      32.0548       9.7777
     765       8.5129      33.7021      31.9682       9.5718
     766       8.5337      33.6467      32.2902       9.5119
     767       8.3691      32.8088      31.7458       9.7228
     768       8.7275      33.1026      32.1101       9.4838
     769       8.6270      33.8600      32.9582       9.3530
     770       8.5951      33.1816      32.0277       9.2737
     771       8.4942      33.9999      32.4362       9.4091
     772       8.3920      33.8225      32.0569       9.5934
     773       8.3909      33.3934      31.4651       9.8571
     774       8.7125      33.7307      32.4591       9.5478
     775       8.3475      33.1476      31.9123       9.5109
     776       8.3873      32.8891      31.0866       9.4139
     777       8.5273      34.0138      32.0544       9.7231
     778       8.4259      32.8939      31.2283       9.3985
     779       8.6206      33.2025      31.6915       9.5857
     780       8.3178      32.8956      31.2689       9.6632
     781       8.7282      33.3341      31.7948       9.7442
     782       8.5430      33.3552      31.5692       9.7291
     783       8.3990      33.3998      32.1651       9.3895
     784       8.5956      32.5699      31.2682       9.2113
     785       8.4149      33.2858      31.5491       9.7057
     786       8.5610      33.4886      32.0163       9.6680
     787       8.3440      33.2460      31.4172       9.5259
     788       8.7847      32.8279      31.2984       9.5707
     789       8.4691      32.8816      31.6776       9.7906
     790       8.2864      33.5004      30.9295       9.4685
     791       8.2546      33.3412      31.5020       9.5714
     792       8.3738      33.3156      31.1776       9.8005
     793       8.0552      33.0443      31.6716       9.0154
     794       8.3440      33.2813      31.8260       9.5353
     795       8.5156      33.6604      31.5533       9.9223
     796       8.4323      33.7028      31.9154       9.8348
     797       8.3555      33.7092      31.7481       9.4341
     798       8.4152      33.2782      32.1875       9.5222
     799       8.0760      33.5229      31.2138       9.6646
     800       7.9891      33.3264      31.4940       9.1327
     801       8.3415      33.2272      31.2248       9.4989
     802       8.5934      33.3010      31.7806       9.6590
     803       8.7418      33.0416      31.6031       9.7400
     804       7.9792      32.8088      31.0157       9.3314
     805       8.6350      33.6123      31.7742       9.7576
     806       8.3179      33.3812      31.2443      10.0026
     807       8.2423      33.4582      30.9175       9.9497
     808       8.5932      33.9082      31.8277       9.7153
     809       8.4478      33.3410      31.7138       9.3817
     810       8.2506      34.0024      31.7221       9.7068
     811       8.4462      33.4553      31.9649       9.6097
     812       8.5336      33.4916      32.4103       9.4278
     813       8.2222      33.7743      31.4246       9.7115
     814       8.8440      33.0985      31.8148       9.4556
     815       8.6763      33.1995      31.9528       9.3247
     816       8.2169      33.8221      31.6534      10.0101
     817       8.7302      33.3427      31.7349       9.6871
     818       8.2718      33.3177      31.4692       9.8330
     819       8.8484      33.8549      32.3131      10.1313
     820       8.2978      33.6010      31.5889       9.7549
     821       8.4860      33.5323      32.3240       9.4590
     822       8.3517      34.0393      31.7536       9.8194
     823       8.4079      33.2568      30.9559       9.8723
     824       8.3861      33.4326      31.4332       9.6933
     825       8.6180      32.7035      31.3120       9.4359
     826       8.3944      32.9784      31.2455       9.1979
     827       8.6387      33.4784      31.6951       9.5017
     828       8.8945      33.2625      31.9040       9.7754
     829       8.4758      33.2670      31.2390       9.8020
     830       8.7651      33.2680      31.8831       9.5084
     831       8.6411      33.6145      31.6677       9.7387
     832       8.7224      33.7172      31.7735       9.8194
     833       8.7937      33.4294      31.9043       9.8291
     834       8.7471      33.6799      32.6322       9.2723
     835       8.4367      34.0500      31.9004       9.9236
     836       8.6353      33.7663      32.2807       9.5820
     837       8.4259      32.9757      31.7107       9.6295
     838       8.4107      33.9597      31.4788      10.0220
     839       8.7469      34.0198      31.8319       9.8154
     840       8.3834      33.5616      31.3791       9.5104
     841       8.3567      33.8312      31.7495       9.7840
     842       8.6623      34.1905      31.7481      10.1583
     843       8.4430      33.3132      31.2141       9.6864
     844       8.3194      33.7537      31.4924       9.4388
     845       8.1306      33.3757      31.4343       9.3581
     846       8.3991      33.5426      31.5381      10.0047
     847       8.6269      33.1986      31.8320       9.4059
     848       8.3785      33.0593      31.1070       9.7074
     849       8.5415      32.7817      30.8806       9.4554
     850       8.7129      33.4434      31.4231       9.7810
     851       8.8134      33.6075      31.4263       9.5723
     852       8.4051      33.1642      31.3989       9.7279
     853       8.4195      33.0024      30.7676       9.5039
     854       8.4146      33.2657      31.0839       9.7115
     855       8.6638      32.9252      31.4419       9.5831
     856       9.1915      33.2989      31.3484       9.9929
     857       8.2535      33.1793      31.0648       9.6230
     858       8.4158      33.2705      31.1735       9.5545
     859       8.5248      33.4424      31.4233      10.0186
     860       8.4842      33.2513      31.1452       9.8091
     861       8.2818      33.1318      30.7190       9.6753
     862       8.4071      32.3126      30.2919       9.5955
     863       8.7066      33.3089      31.3169       9.5853
     864       8.6632      33.1819      31.6198       9.7935
     865       8.9966      32.7523      31.1540       9.9159
     866       8.5506      32.9831      31.0280       9.3929
     867       8.6793      32.7445      30.5420      10.0834
     868       8.2750      32.9832      30.5842       9.7479
     869       8.6978      32.8480      31.3892       9.7578
     870       8.4980      33.0455      31.1046       9.7375
     871       8.4920      33.0781      31.5018       9.8014
     872       8.1770      32.9123      31.1259       9.5288
     873       8.8034      32.5944      30.6817       9.5871
     874       9.0897      33.3696      31.7694       9.8441
     875       8.2993      33.1929      30.9911       9.5854
     876       8.5371      32.8664      30.6518       9.9728
     877       8.5823      32.5807      30.7702       9.6481
     878       8.4789      33.0509      30.7005       9.7057
     879       8.6259      33.0136      31.1313       9.6588
     880       8.5624      32.7964      31.0778       9.4714
     881       8.2384      32.8979      31.2676       9.3994
     882       8.6379      33.7797      31.7516       9.8983
     883       8.5284      33.2532      31.2808       9.9478
     884       8.4167      32.9565      31.2930       9.8397
     885       8.7512      33.1425      31.6583       9.8791
     886       8.3823      33.1578      31.3488       9.5810
     887       8.5820      33.7280      32.2047       9.5845
     888       8.7111      33.4882      32.0250       9.4063
     889       8.4728      34.0374      31.3564       9.7656
     890       8.2809      33.7300      31.6271       9.5208
     891       8.8206      33.3975      32.2344       9.5412
     892       8.1623      33.2200      31.2328       9.6567
     893       8.3432      33.7504      31.8356       9.7438
     894       8.6166      33.9421      31.8794       9.5937
     895       8.8034      33.8842      32.2617       9.9155
     896       8.7852      33.4252      32.1238       9.5987
     897       8.1548      33.6637      31.5546       9.5324
     898       8.2441      33.1569      31.2780       9.6540
     899       8.2682      33.1123      31.9146       9.4443
     900       8.5221      33.1597      32.5127       9.1818
     901       8.4367      33.7776      32.0423       9.8718
     902       8.9617      33.0806      31.8809       9.5469
     903       8.7321      33.6147      31.7003       9.5857
     904       8.6514      33.4538      31.4295       9.3855
     905       8.1390      33.4836      31.2601       9.7560
     906       8.5681      33.0254      31.6548       9.6744
     907       8.7902      32.9264      31.6232       9.7211
     908       8.6609      34.0334      32.9418       9.3416
     909       8.6003      33.6668      31.6196      10.2983
     910       8.5135      33.8729      32.0236       9.5575
     911       8.2662      33.6406      31.6513       9.9015
     912       9.3227      33.7484      32.8548       9.9631
     913       8.8235      32.9275      31.8237       9.8629
     914       9.0585      33.4621      31.5893       9.7118
     915       8.5261      33.3677      32.0271       9.6184
     916       8.7667      33.4908      32.0219       9.8805
     917       8.6512      32.9374      31.4634       9.4430
     918       8.5707      33.0269      31.4851       9.5425
     919       8.3725      33.6685      31.5609       9.9741
     920       8.4737      32.9466      31.7449       9.2020
     921       8.5442      32.8848      31.7989       9.3897
     922       8.4830      33.3532      31.7545       9.6015
     923       8.5220      33.5998      32.1341       9.7602
     924       8.3535      33.3006      31.4681       9.7187
     925       8.5778      33.9345      32.0080       9.9149
     926       8.8705      33.6084      32.2909       9.6860
     927       8.4662      33.9052      32.2476       9.6533
     928       8.5600      33.1326      31.7444       9.6159
     929       8.7233      33.2358      31.5122       9.2909
     930       8.5488      33.9563      32.0272       9.3845
     931       8.3321      34.4472      31.9949       9.9371
     932       8.6852      34.0471      32.6432       9.4078
     933       8.6190      33.3950      31.4721       9.5665
     934       8.3985      33.8880      32.1767       9.5567
     935       8.4763      33.8833      32.1907       9.6110
     936       8.5835      33.6026      31.9628       9.0672
     937       8.6023      33.6590      31.8787       9.2568
     938       8.9886      33.6952      32.0156       9.9952
     939       8.6490      33.3521      31.3126       9.6004
     940       8.5585      33.3776      31.9272       9.4313
     941       8.7186      33.9823      32.1955       9.6573
     942       8.5184      33.5840      31.4353       9.7556
     943       8.7640      33.7455      32.1292       9.4657
     944       8.5956      33.9719      31.8917       9.9868
     945       8.5055      33.7527      31.8727       9.4085
     946       8.3674      32.9762      31.2165       9.3804
     947       8.3415      33.7392      31.6901       9.6522
     948       8.7338      32.8913      31.3622       9.6141
     949       8.3543      33.5875      31.5323       9.5988
     950       8.3406      33.6936      31.3958       9.5217
     951       8.4368      33.6777      31.8313       9.2828
     952       8.4757      34.4391      32.2241       9.7592
     953       8.4318      33.6737      31.8876       9.5756
     954       8.4635      33.2865      31.6959       9.8318
     955       8.3719      33.7205      31.6838       9.4437
     956       8.8821      33.1272      31.2806       9.8642
     957       8.5466      32.8998      31.1809       9.2831
     958       8.2024      32.9457      30.8870       9.4929
     959       8.4483      33.3672      31.3836       9.6763
     960       8.2595      33.4957      31.1092       9.7404
     961       8.3950      33.5526      31.6842      10.0843
     962       8.6063      33.5169      31.5792       9.7178
     963       8.5201      33.6735      31.6045      10.0850
     964       8.4473      33.8867      31.9109       9.5463
     965       8.2944      33.6965      31.5788       9.7845
     966       8.5605      33.5572      31.6165       9.9673
     967       8.4232      33.6171      31.7107       9.7422
     968       8.5014      33.1295      31.1152       9.5540
     969       8.6804      33.5240      32.1943       9.4948
     970       8.4156      33.6789      31.3874       9.9173
     971       8.3798      33.3454      31.8747       9.5500
     972       8.5612      33.6253      31.9351       9.8792
     973       8.5407      33.8861      31.8416       9.6440
     974       8.5483      32.9658      31.5654       9.2907
     975       8.6675      33.9394      32.0516       9.8884
     976       8.5496      32.8544      31.6562       9.2021
     977       8.6956      33.3322      31.5439       9.6098
     978       8.2814      33.0142      31.0252       9.4479
     979       8.5238      33.8676      31.8973       9.9582
     980       8.6214      33.8401      32.1354       9.8565
     981       8.5934      33.9105      31.6502       9.6733
     982       8.6697      33.2721      31.3022       9.6196
     983       8.5328      33.6558      31.8025       9.9548
     984       8.6067      32.9853      31.2588       9.1485
     985       9.0450      33.2061      32.1464       9.5238
     986       8.6596      33.4932      32.3567       9.4959
     987       8.8991      33.3197      32.1727       9.6498
     988       8.4774      33.5379      32.3932       9.2560
     989       8.6757      33.1839      32.0530       9.7454
     990       8.6184      33.5949      31.6174       9.6778
     991       8.8438      33.5045      32.3124       9.7122
     992       8.7441      33.4812      32.5375       9.5648
     993       8.5826      33.3990      32.2776       9.4981
     994       8.5899      33.0353      31.5161       9.6342
     995       8.7665      33.6587      32.3223       9.9912
     996       8.3396      33.4496      31.7563       9.5850
     997       8.7680      33.1091      31.7286       9.6125
     998       8.2873      33.3878      30.9402       9.8010
     999       8.4948      32.8214      30.8379       9.9385
    1000       8.4235      32.9248      31.0286       9.6705
