#Frame            RoG     RoG[Max]
       1      23.9153      46.2269
       2      23.9139      46.2115
       3      23.8540      46.4972
       4      23.8258      46.1803
       5      23.7887      45.4225
       6      23.7929      45.5044
       7      23.8372      46.0693
       8      23.9429      46.2489
       9      24.0103      46.3610
      10      24.0128      46.4440
      11      23.9007      46.7454
      12      24.0204      46.3520
      13      24.1286      46.8345
      14      24.0678      46.0392
      15      24.1435      45.8629
      16      24.2634      46.7503
      17      24.1942      46.7844
      18      24.1838      46.9578
      19      24.0800      46.5370
      20      24.0283      46.1405
      21      24.0207      45.6251
      22      23.9206      45.8267
      23      23.9931      45.5605
      24      24.0017      46.3075
      25      24.1515      46.4703
      26      24.0766      46.6307
      27      24.0633      45.5832
      28      24.0849      46.5979
      29      24.0077      46.5978
      30      24.1190      46.8668
      31      24.0480      45.9615
      32      23.9571      46.4293
      33      24.0031      46.5210
      34      23.9493      45.8998
      35      23.9597      45.3970
      36      24.0501      45.7997
      37      24.0226      44.9277
      38      24.0370      45.5730
      39      23.8998      45.5105
      40      23.9681      45.4136
      41      24.0667      46.1269
      42      23.9458      44.9952
      43      23.9911      45.5502
      44      24.0727      45.6897
      45      24.0013      44.8876
      46      23.9403      44.8563
      47      23.8916      44.5245
      48      23.9800      45.3239
      49      23.9914      45.6812
      50      23.9229      45.0074
      51      24.1047      45.6651
      52      24.0419      45.8400
      53      24.1431      46.3794
      54      23.9794      45.2173
      55      24.1027      46.7674
      56      24.0730      46.7476
      57      24.1718      46.8504
      58      24.1439      46.8770
      59      24.2286      47.1319
      60      24.1701      46.3259
      61      24.1782      46.4428
      62      24.0761      46.0727
      63      24.1180      46.1912
      64      24.1013      46.6021
      65      24.1154      46.3558
      66      23.9639      45.9307
      67      24.0433      45.6628
      68      24.0966      46.2560
      69      24.0655      46.4185
      70      24.0067      46.4139
      71      24.0568      45.9580
      72      24.0089      45.5446
      73      24.0360      45.5647
      74      23.9161      45.3469
      75      23.9361      45.2308
      76      24.0319      45.9520
      77      24.1074      47.1409
      78      24.0756      46.4391
      79      24.0650      46.2384
      80      24.1954      47.1890
      81      24.1112      47.1244
      82      24.1094      46.8765
      83      24.1727      45.8999
      84      24.2081      47.3803
      85      24.1871      46.6687
      86      24.0911      46.9733
      87      24.1531      47.3521
      88      24.0653      46.7237
      89      24.1335      46.7932
      90      24.0230      46.5160
      91      23.9814      47.2585
      92      23.9291      45.7537
      93      23.9119      45.2551
      94      24.0143      45.9103
      95      24.0703      45.0248
      96      24.0929      45.1393
      97      24.0153      45.1741
      98      24.0519      45.6022
      99      24.0540      45.9663
     100      23.9828      45.8040
     101      23.9434      45.1096
     102      24.0026      46.4863
     103      24.0622      46.0556
     104      24.0425      45.4993
     105      23.9725      46.3604
     106      23.8773      46.0434
     107      23.8978      45.7472
     108      23.9300      45.7496
     109      23.9901      45.7050
     110      23.7956      44.9236
     111      23.9510      45.7175
     112      23.9037      45.1335
     113      23.9956      46.6914
     114      23.9880      46.7001
     115      23.9997      46.7372
     116      24.0259      46.7584
     117      24.0623      47.4474
     118      24.0907      47.0392
     119      24.1639      47.2770
     120      24.1569      46.6189
     121      24.1515      47.3009
     122      24.0907      46.9802
     123      24.0593      45.9978
     124      24.1147      46.0103
     125      24.0483      45.5960
     126      24.0535      45.9963
     127      23.9243      45.1670
     128      23.9518      46.5027
     129      24.0647      46.8883
     130      24.0294      45.8806
     131      24.0711      47.2756
     132      24.0138      46.1451
     133      24.1316      46.6816
     134      24.0594      46.3560
     135      24.0168      46.2225
     136      24.0094      46.6737
     137      24.0711      46.4310
     138      23.9188      46.2809
     139      24.0442      45.9627
     140      24.0117      46.5678
     141      24.0673      46.4677
     142      24.1410      46.9551
     143      24.0894      47.6854
     144      24.0922      48.1492
     145      24.2237      47.8441
     146      24.2291      47.8184
     147      24.2436      49.0585
     148      24.2081      48.3346
     149      24.2635      48.2563
     150      24.2072      47.9384
     151      24.2104      48.0328
     152      24.2221      47.5538
     153      24.0956      46.9151
     154      24.1894      46.5932
     155      24.1934      47.9382
     156      24.0608      48.1007
     157      24.0120      46.6334
     158      24.1053      46.9399
     159      24.0540      46.4153
     160      23.9369      46.1988
     161      24.0681      46.5100
     162      24.0895      46.7672
     163      24.0978      47.2107
     164      23.9970      46.8815
     165      24.0775      47.0437
     166      24.1290      47.3534
     167      24.2208      47.4820
     168      24.1648      47.6314
     169      24.1412      47.2227
     170      24.2305      47.2229
     171      24.2543      46.7440
     172      24.2467      46.8339
     173      24.2085      46.4076
     174      24.1695      46.8821
     175      24.0771      47.3015
     176      24.1696      47.4431
     177      24.1467      47.8707
     178      24.2684      47.5133
     179      24.2282      48.0964
     180      24.2087      47.4086
     181      24.2636      47.6008
     182      24.2645      48.3135
     183      24.2021      47.6574
     184      24.1505      47.8724
     185      24.0848      47.7422
     186      24.2356      47.9844
     187      24.1282      48.3684
     188      24.2653      48.1466
     189      24.1073      47.0165
     190      24.1989      47.7932
     191      24.1337      47.7698
     192      24.0894      47.1096
     193      24.1831      47.5230
     194      24.2656      48.1171
     195      24.1873      47.4724
     196      24.2714      47.6898
     197      24.3122      47.7519
     198      24.2171      46.8230
     199      24.2747      47.8884
     200      24.1926      47.4831
     201      24.2163      46.8090
     202      24.0998      47.3417
     203      24.2287      48.2183
     204      24.3388      47.7658
     205      24.2009      47.2754
     206      24.1641      46.5146
     207      24.0986      46.7051
     208      24.2511      47.5427
     209      24.2022      46.6807
     210      24.2000      46.8601
     211      24.1872      46.5476
     212      24.1476      46.9405
     213      24.1172      47.0039
     214      24.1736      46.7561
     215      24.2333      46.4987
     216      24.0898      47.1141
     217      24.1342      47.2501
     218      24.1672      47.6206
     219      24.1860      47.7105
     220      24.2574      48.1702
     221      24.2556      47.9428
     222      24.2525      47.6830
     223      24.2866      47.4222
     224      24.1946      47.0169
     225      24.3010      47.2968
     226      24.1587      47.3677
     227      24.0818      46.4989
     228      24.1118      46.2241
     229      24.1491      46.5633
     230      24.1174      47.0455
     231      24.2069      47.3173
     232      24.1870      47.9927
     233      24.1474      46.7476
     234      24.1241      46.8664
     235      24.1735      46.7172
     236      24.1282      46.8132
     237      24.2145      46.9735
     238      24.2491      47.1824
     239      24.2216      46.7632
     240      24.2208      47.3244
     241      24.2894      47.5524
     242      24.2784      47.2989
     243      24.1380      47.2848
     244      24.0426      46.6240
     245      24.1076      46.5710
     246      24.1585      46.3490
     247      24.0861      45.6932
     248      24.1081      46.0679
     249      24.1935      46.4180
     250      24.0927      45.9926
     251      24.1402      46.5227
     252      24.0669      45.3008
     253      23.9938      44.8739
     254      24.0528      45.7924
     255      24.0741      45.6600
     256      24.0559      44.8546
     257      24.1250      45.3081
     258      24.1529      44.7282
     259      24.1579      44.8341
     260      24.2806      46.4503
     261      24.3124      46.8865
     262      24.3722      47.3976
     263      24.3393      46.7679
     264      24.3303      46.3675
     265      24.1998      45.9859
     266      24.2435      46.4699
     267      24.2010      46.1106
     268      24.2673      46.8228
     269      24.4620      48.3105
     270      24.3044      47.4686
     271      24.2338      46.5670
     272      24.1909      46.3580
     273      24.2057      46.5557
     274      24.2766      47.4493
     275      24.3293      48.1255
     276      24.4447      48.5789
     277      24.2397      46.8984
     278      24.3170      47.1914
     279      24.3115      47.8650
     280      24.2561      47.7177
     281      24.3824      47.6598
     282      24.4304      48.0064
     283      24.3294      47.8533
     284      24.4160      47.7716
     285      24.3783      48.5563
     286      24.3521      48.4154
     287      24.3333      48.3536
     288      24.2589      47.3734
     289      24.3262      47.9925
     290      24.4018      48.3828
     291      24.4704      47.6742
     292      24.3378      46.7611
     293      24.2397      47.1135
     294      24.2139      47.3712
     295      24.3548      47.7849
     296      24.2869      46.4901
     297      24.2559      46.6192
     298      24.2204      45.7913
     299      24.2367      46.4706
     300      24.1822      46.5861
     301      24.2248      46.0564
     302      24.3030      46.5694
     303      24.1710      45.5475
     304      24.3370      46.6795
     305      24.2859      46.5295
     306      24.2077      46.4641
     307      24.3343      46.3879
     308      24.2148      45.8610
     309      24.2711      45.8053
     310      24.2784      46.4437
     311      24.1944      46.0968
     312      24.1540      45.8634
     313      24.2036      46.6192
     314      24.1911      45.8416
     315      24.2453      45.5693
     316      24.2501      46.3093
     317      24.2385      46.4566
     318      24.1210      45.7141
     319      24.0820      45.5889
     320      24.2094      46.5609
     321      24.1704      46.6280
     322      24.2441      46.7811
     323      24.3664      46.3431
     324      24.2127      45.7408
     325      24.1350      46.0888
     326      24.1626      45.8744
     327      24.1746      45.6391
     328      24.1461      45.1833
     329      24.1787      46.0869
     330      24.0179      45.6571
     331      24.1654      46.5652
     332      24.2141      46.3888
     333      24.2166      46.8183
     334      24.2702      46.5018
     335      24.2237      45.6386
     336      24.3269      46.3540
     337      24.3376      46.1892
     338      24.1971      45.3886
     339      24.1988      45.6422
     340      24.2821      45.4170
     341      24.2570      45.9009
     342      24.2887      45.6865
     343      24.2892      45.5282
     344      24.1175      44.9706
     345      24.1057      45.1089
     346      24.0256      44.6000
     347      24.2144      44.9765
     348      24.1523      45.1980
     349      24.2171      45.4042
     350      24.2813      45.9056
     351      24.2095      45.0562
     352      24.1641      45.1834
     353      24.1627      45.5314
     354      24.1836      45.6136
     355      24.1321      45.8544
     356      24.2332      45.9774
     357      24.2035      45.7055
     358      24.3210      46.4602
     359      24.2849      46.0701
     360      24.1812      46.4914
     361      24.2203      45.9794
     362      24.0883      45.8816
     363      24.1720      45.3789
     364      24.1078      45.6112
     365      24.3445      46.1415
     366      24.2983      45.8584
     367      24.1977      46.0870
     368      24.1558      45.8656
     369      24.1093      46.6102
     370      24.1680      46.0245
     371      24.1493      46.4898
     372      24.2621      47.6070
     373      24.2226      46.7745
     374      24.2488      46.1634
     375      24.1987      45.6836
     376      24.1508      46.1071
     377      24.1261      46.4839
     378      24.0419      46.3371
     379      24.1154      46.7258
     380      24.1490      46.6676
     381      24.2012      46.6742
     382      24.1697      46.4253
     383      24.1755      46.8152
     384      24.0942      46.8990
     385      24.1138      47.2482
     386      24.1346      47.5911
     387      24.2643      47.1525
     388      24.1557      47.4005
     389      24.1458      47.7884
     390      24.1886      48.0252
     391      24.2279      47.9181
     392      24.2788      48.1185
     393      24.1752      47.5413
     394      24.2816      48.0658
     395      24.3130      48.2607
     396      24.3189      48.0649
     397      24.3044      48.1973
     398      24.3534      48.2766
     399      24.4395      49.2569
     400      24.3454      48.9844
     401      24.3118      49.3021
     402      24.2984      48.8529
     403      24.2566      48.3281
     404      24.3687      48.5706
     405      24.4090      48.9765
     406      24.3954      48.5362
     407      24.4090      48.9140
     408      24.4775      48.7080
     409      24.3554      48.2992
     410      24.2559      48.3200
     411      24.2740      47.9493
     412      24.3897      48.3008
     413      24.3278      48.0318
     414      24.3839      48.3744
     415      24.4815      48.7080
     416      24.5108      48.8271
     417      24.3931      48.3505
     418      24.5180      48.7378
     419      24.4060      48.6025
     420      24.4073      48.1250
     421      24.5419      48.4042
     422      24.5246      48.7660
     423      24.5040      48.2069
     424      24.5227      48.3022
     425      24.4983      48.5733
     426      24.3470      48.3247
     427      24.3270      47.6133
     428      24.2892      47.2350
     429      24.4228      47.6146
     430      24.4167      47.7368
     431      24.4134      47.8782
     432      24.4548      49.1246
     433      24.3984      48.3395
     434      24.3734      48.5600
     435      24.3116      47.3718
     436      24.4078      47.6508
     437      24.3196      46.5445
     438      24.2592      46.1494
     439      24.3001      45.4607
     440      24.2758      46.3004
     441      24.2184      46.1023
     442      24.1898      46.2793
     443      24.3234      46.7855
     444      24.2624      46.7918
     445      24.3703      46.6465
     446      24.4134      47.3337
     447      24.2647      45.7453
     448      24.2925      45.2551
     449      24.2582      46.1748
     450      24.2256      45.5746
     451      24.2804      45.4312
     452      24.1206      45.3958
     453      24.1826      45.1237
     454      24.2546      45.7018
     455      24.2713      45.9777
     456      24.4027      46.6891
     457      24.2625      46.1022
     458      24.3485      46.1446
     459      24.1920      46.6034
     460      24.3192      46.9800
     461      24.2442      45.7680
     462      24.2589      46.7070
     463      24.2975      47.1871
     464      24.2413      47.2952
     465      24.3088      47.5052
     466      24.3696      47.4251
     467      24.3467      47.5517
     468      24.2374      47.2510
     469      24.3755      48.2703
     470      24.3901      47.4800
     471      24.2905      47.5434
     472      24.3025      47.5937
     473      24.3335      48.2748
     474      24.2981      47.9326
     475      24.2178      47.9400
     476      24.3305      47.7907
     477      24.3173      47.0884
     478      24.3204      47.0545
     479      24.3781      47.6784
     480      24.3375      47.5733
     481      24.4791      48.1762
     482      24.3157      47.4318
     483      24.2836      47.9440
     484      24.3774      47.9115
     485      24.4531      48.4656
     486      24.3960      47.8500
     487      24.3322      48.0952
     488      24.4863      48.5672
     489      24.4500      48.5840
     490      24.4561      48.5243
     491      24.4789      48.4219
     492      24.4389      48.0054
     493      24.4102      48.4234
     494      24.4686      48.5041
     495      24.3678      48.1440
     496      24.3789      49.0205
     497      24.3187      47.7521
     498      24.4036      48.4671
     499      24.3827      47.8323
     500      24.4074      49.0257
     501      24.4413      48.8024
     502      24.5978      49.4409
     503      24.3965      48.4630
     504      24.3866      48.3818
     505      24.3614      47.1103
     506      24.2986      47.1927
     507      24.1457      46.5744
     508      24.1812      46.6726
     509      24.2983      47.5212
     510      24.2398      47.2606
     511      24.1907      46.7623
     512      24.2859      47.7477
     513      24.1698      46.8513
     514      24.3336      47.6038
     515      24.3539      47.7755
     516      24.3869      48.1460
     517      24.3686      47.9139
     518      24.2571      47.4509
     519      24.2184      47.4768
     520      24.3448      47.8110
     521      24.3785      47.6503
     522      24.2847      47.3698
     523      24.2187      46.9774
     524      24.2319      46.7428
     525      24.1892      47.2698
     526      24.1563      47.2258
     527      24.2560      46.3647
     528      24.2266      47.2635
     529      24.2892      46.7984
     530      24.3166      47.0863
     531      24.2756      47.6817
     532      24.3378      47.9753
     533      24.2545      47.6192
     534      24.3913      48.5335
     535      24.2522      47.9180
     536      24.2769      47.2473
     537      24.2180      47.0300
     538      24.2198      47.4290
     539      24.2557      48.2646
     540      24.3674      48.5412
     541      24.1216      47.5780
     542      24.1222      47.4026
     543      24.3251      48.0583
     544      24.3761      48.1427
     545      24.3862      48.2851
     546      24.3974      48.5473
     547      24.2968      48.6166
     548      24.3634      49.1673
     549      24.2760      48.7362
     550      24.2976      47.9206
     551      24.2261      47.5632
     552      24.2299      47.1575
     553      24.3404      47.7093
     554      24.2509      47.6112
     555      24.1866      46.8910
     556      24.1440      46.6290
     557      24.2150      47.3013
     558      24.2767      47.0249
     559      24.3071      46.4266
     560      24.3906      47.0154
     561      24.4402      47.8055
     562      24.4692      47.5356
     563      24.2203      46.4382
     564      24.2306      46.7442
     565      24.0975      45.6810
     566      24.1585      45.9192
     567      24.1112      45.4995
     568      24.0974      45.8296
     569      24.2061      46.3341
     570      24.2662      47.3142
     571      24.2598      47.4604
     572      24.2825      47.3245
     573      24.3007      48.0300
     574      24.1999      47.7271
     575      24.2189      47.0110
     576      24.2398      48.1245
     577      24.3189      48.5957
     578      24.1651      47.4589
     579      24.1273      46.4820
     580      24.1462      46.9525
     581      24.2392      47.6790
     582      24.2179      47.0511
     583      24.3207      47.2918
     584      24.2295      46.4914
     585      24.1040      45.4002
     586      24.0420      45.5671
     587      24.2294      46.2770
     588      24.1721      45.5205
     589      24.1804      46.3452
     590      24.1727      46.4537
     591      24.1373      46.1636
     592      24.1619      46.7069
     593      24.1962      46.7101
     594      24.3180      47.4327
     595      24.2725      47.5986
     596      24.1550      46.7364
     597      24.0579      46.6448
     598      24.1715      47.2862
     599      24.0848      46.1101
     600      24.2650      46.6681
     601      24.2605      47.0500
     602      24.1699      46.4201
     603      24.1471      46.6476
     604      24.3382      48.2016
     605      24.3242      47.8953
     606      24.3102      48.1859
     607      24.1886      48.0322
     608      24.2431      47.5842
     609      24.1688      46.5086
     610      24.3027      47.0121
     611      24.3246      47.5806
     612      24.2568      46.6421
     613      24.2161      46.4818
     614      24.0536      45.9964
     615      24.2183      47.6885
     616      24.1637      47.6205
     617      24.2747      47.0221
     618      24.3201      47.7392
     619      24.3129      47.8967
     620      24.3624      47.9326
     621      24.2587      47.8373
     622      24.2287      46.7933
     623      24.4010      48.1335
     624      24.3956      48.5440
     625      24.4378      48.4485
     626      24.4146      47.7072
     627      24.3900      47.9012
     628      24.5575      48.7676
     629      24.4234      48.7212
     630      24.3761      49.5167
     631      24.3834      48.7351
     632      24.4912      49.4176
     633      24.5715      49.9911
     634      24.4622      49.2105
     635      24.4546      48.7851
     636      24.4143      48.7634
     637      24.4289      49.8241
     638      24.4389      49.8015
     639      24.5125      49.7544
     640      24.4519      50.1485
     641      24.4698      49.7222
     642      24.4180      49.6976
     643      24.4191      48.9010
     644      24.4420      49.7635
     645      24.5212      49.3720
     646      24.4246      49.3569
     647      24.3846      49.2692
     648      24.4527      48.7207
     649      24.4971      49.8315
     650      24.4954      49.9078
     651      24.3815      49.5644
     652      24.4740      49.5878
     653      24.4822      49.3559
     654      24.4721      49.4737
     655      24.5949      49.8393
     656      24.5331      48.5140
     657      24.5726      48.8349
     658      24.5902      49.2875
     659      24.5829      48.6940
     660      24.5306      48.9684
     661      24.4935      47.8217
     662      24.5428      47.8010
     663      24.5200      47.8391
     664      24.6938      48.8622
     665      24.5741      48.0015
     666      24.6216      49.2553
     667      24.4430      48.6003
     668      24.3466      47.6688
     669      24.5004      48.1296
     670      24.4160      47.9661
     671      24.4661      48.1700
     672      24.4745      48.6188
     673      24.5700      48.8809
     674      24.4878      48.9894
     675      24.4084      49.3347
     676      24.5419      49.5241
     677      24.6504      50.0852
     678      24.4700      48.9910
     679      24.5010      48.8131
     680      24.4933      48.4517
     681      24.4522      47.8979
     682      24.3250      47.7926
     683      24.3493      46.7824
     684      24.3527      47.4037
     685      24.4017      47.8461
     686      24.2137      47.4414
     687      24.3188      47.6265
     688      24.2682      47.4846
     689      24.3400      47.9929
     690      24.3453      48.0798
     691      24.2829      47.0526
     692      24.3168      47.4539
     693      24.3859      47.7281
     694      24.4931      47.6602
     695      24.4236      47.3990
     696      24.4380      47.7996
     697      24.3008      47.2645
     698      24.2938      47.3483
     699      24.3438      46.7392
     700      24.3106      47.4761
     701      24.5053      48.8710
     702      24.3002      47.6673
     703      24.3619      48.2620
     704      24.3966      47.6810
     705      24.3782      48.5059
     706      24.4853      48.9117
     707      24.4761      48.5314
     708      24.4477      48.9648
     709      24.3372      47.9603
     710      24.3270      47.6594
     711      24.4250      47.9307
     712      24.3840      48.2248
     713      24.4048      47.4270
     714      24.2838      47.0599
     715      24.3191      47.6023
     716      24.3641      48.6233
     717      24.2801      47.6827
     718      24.2848      47.3661
     719      24.3350      47.8561
     720      24.3463      48.5373
     721      24.4237      49.1947
     722      24.4557      48.2654
     723      24.4299      48.2770
     724      24.2880      47.6196
     725      24.2990      47.7482
     726      24.2286      47.2556
     727      24.3224      47.5971
     728      24.3712      47.5531
     729      24.3302      48.0649
     730      24.3557      48.7743
     731      24.3476      49.0837
     732      24.3424      49.1922
     733      24.3524      48.6874
     734      24.2883      48.5834
     735      24.4493      49.0831
     736      24.3838      48.7117
     737      24.2706      48.9988
     738      24.4132      49.0657
     739      24.1705      47.8705
     740      24.2098      48.2829
     741      24.3437      48.9740
     742      24.2713      48.1044
     743      24.4544      48.7705
     744      24.4078      49.5134
     745      24.5899      48.9949
     746      24.3639      48.4936
     747      24.3404      47.9713
     748      24.3875      48.3036
     749      24.2551      47.8294
     750      24.3859      48.1869
     751      24.3391      48.7485
     752      24.3222      48.4767
     753      24.4414      48.7329
     754      24.2889      49.1769
     755      24.2489      48.0539
     756      24.3507      47.6654
     757      24.2686      47.3842
     758      24.3129      47.7942
     759      24.3382      48.3423
     760      24.2341      48.1698
     761      24.1541      48.0776
     762      24.3575      48.9895
     763      24.3360      48.2991
     764      24.4058      48.8515
     765      24.3034      48.5495
     766      24.3099      48.9590
     767      24.3112      48.5127
     768      24.3207      48.4275
     769      24.4450      48.9014
     770      24.2430      48.3162
     771      24.3655      48.0300
     772      24.3632      48.4133
     773      24.2908      47.9984
     774      24.2907      48.5668
     775      24.1126      47.1608
     776      24.1442      47.2623
     777      24.3454      47.6599
     778      24.2449      47.7367
     779      24.2978      48.0982
     780      24.1317      47.2493
     781      24.2580      47.5212
     782      24.1634      47.1201
     783      24.2533      46.9429
     784      24.1579      47.3056
     785      24.3345      47.6163
     786      24.3214      48.5566
     787      24.2241      47.8382
     788      24.3430      48.2305
     789      24.1718      47.4280
     790      24.2209      47.9228
     791      24.2951      48.7137
     792      24.2519      47.8435
     793      24.1270      46.8294
     794      24.2248      46.9929
     795      24.2018      47.9745
     796      24.2454      47.4375
     797      24.3215      48.2420
     798      24.2972      47.8075
     799      24.2815      48.0231
     800      24.2738      47.9139
     801      24.1963      47.7181
     802      24.2928      46.8335
     803      24.2325      47.5490
     804      24.1868      47.4606
     805      24.2541      47.4067
     806      24.2980      48.1252
     807      24.1828      47.1668
     808      24.2596      48.0549
     809      24.2389      47.8245
     810      24.3424      48.4483
     811      24.3475      48.0978
     812      24.3527      48.9255
     813      24.4450      49.4266
     814      24.3215      48.1171
     815      24.4895      48.8776
     816      24.4911      48.2573
     817      24.4964      48.3932
     818      24.4841      48.2141
     819      24.5902      48.1812
     820      24.4990      47.5657
     821      24.4344      47.6961
     822      24.4998      47.6272
     823      24.4440      47.9746
     824      24.5871      49.5099
     825      24.5079      48.7184
     826      24.5363      48.8835
     827      24.6112      49.5708
     828      24.5136      49.3092
     829      24.5033      49.3635
     830      24.5500      49.2482
     831      24.5501      48.8639
     832      24.5845      49.3762
     833      24.6869      49.2767
     834      24.7527      50.0898
     835      24.5552      48.3800
     836      24.5880      48.4573
     837      24.5232      48.1203
     838      24.5386      48.0728
     839      24.5650      47.9521
     840      24.5308      47.8732
     841      24.4656      48.5438
     842      24.4985      48.6548
     843      24.4532      48.4500
     844      24.4759      48.3040
     845      24.5721      48.9467
     846      24.5757      47.8913
     847      24.4255      47.8438
     848      24.3743      47.2281
     849      24.4507      47.4368
     850      24.4008      47.9338
     851      24.3925      47.0509
     852      24.4993      47.8529
     853      24.3740      47.0496
     854      24.4213      47.4195
     855      24.4817      48.4471
     856      24.5617      47.7963
     857      24.6614      48.8470
     858      24.5327      48.7542
     859      24.4772      48.0906
     860      24.4766      48.1984
     861      24.4518      48.0207
     862      24.3835      48.3855
     863      24.2943      48.1396
     864      24.4551      48.5742
     865      24.4388      48.6189
     866      24.4841      49.4677
     867      24.4149      49.9971
     868      24.4322      48.8117
     869      24.4846      50.1304
     870      24.3635      48.8307
     871      24.3452      48.7308
     872      24.4256      48.6973
     873      24.3838      48.0475
     874      24.5288      48.7691
     875      24.4735      47.9282
     876      24.4968      48.3399
     877      24.3621      47.8471
     878      24.4174      48.0704
     879      24.3840      47.9256
     880      24.3758      48.1660
     881      24.5153      48.3162
     882      24.4557      48.8684
     883      24.4845      48.9687
     884      24.4573      49.1112
     885      24.3359      48.2610
     886      24.3346      47.7513
     887      24.3361      48.5606
     888      24.4280      49.2110
     889      24.4108      49.0796
     890      24.5965      49.8063
     891      24.4822      49.4314
     892      24.4501      49.0695
     893      24.3062      47.5135
     894      24.2375      47.5074
     895      24.4431      48.5268
     896      24.4012      48.0570
     897      24.2479      47.7154
     898      24.3710      47.9192
     899      24.4663      48.1384
     900      24.4574      48.3985
     901      24.5440      49.5814
     902      24.5185      49.0145
     903      24.4832      48.8247
     904      24.4655      48.5850
     905      24.3483      48.1628
     906      24.3886      49.0032
     907      24.3998      48.5196
     908      24.4763      49.3413
     909      24.4336      48.4697
     910      24.5822      49.1618
     911      24.4638      48.4617
     912      24.4097      48.5588
     913      24.4294      47.5267
     914      24.3425      47.7212
     915      24.4549      48.0505
     916      24.4544      48.5434
     917      24.3901      47.9877
     918      24.2723      47.7707
     919      24.4095      48.3490
     920      24.2382      47.0655
     921      24.2307      46.9909
     922      24.2625      47.4464
     923      24.2881      48.1490
     924      24.3894      48.6061
     925      24.3444      48.6038
     926      24.3729      48.6823
     927      24.3569      48.9611
     928      24.4168      48.2595
     929      24.2658      48.3770
     930      24.4521      48.3878
     931      24.4176      47.6843
     932      24.2950      47.5168
     933      24.3480      47.9425
     934      24.4525      49.7993
     935      24.5199      49.3694
     936      24.5283      49.7953
     937      24.4541      49.1623
     938      24.5466      49.2743
     939      24.5381      49.7147
     940      24.4477      49.5611
     941      24.5333      49.7112
     942      24.5724      49.9420
     943      24.6786      49.9282
     944      24.7525      50.4158
     945      24.5585      50.3802
     946      24.3818      49.3445
     947      24.4096      48.1882
     948      24.3370      48.1564
     949      24.4922      49.2572
     950      24.4419      49.3484
     951      24.4001      47.8612
     952      24.5089      48.7244
     953      24.4608      48.8020
     954      24.1904      47.4620
     955      24.4484      48.8844
     956      24.4107      48.4844
     957      24.3435      47.5612
     958      24.3328      48.0767
     959      24.2505      47.2966
     960      24.3023      47.1827
     961      24.3572      47.6303
     962      24.4322      47.7868
     963      24.4382      48.5411
     964      24.5009      48.1461
     965      24.5516      48.6543
     966      24.4733      48.6343
     967      24.5811      49.3887
     968      24.6347      49.6203
     969      24.5459      48.9851
     970      24.4798      48.5957
     971      24.4224      47.9279
     972      24.4882      47.9127
     973      24.4228      48.2379
     974      24.3171      47.3197
     975      24.4386      48.6266
     976      24.3582      48.7058
     977      24.4147      49.6125
     978      24.3977      48.9527
     979      24.4796      48.7157
     980      24.4567      48.1890
     981      24.3814      48.8853
     982      24.4932      48.5731
     983      24.6425      49.4132
     984      24.6920      49.9340
     985      24.6783      49.8473
     986      24.5981      49.2150
     987      24.4676      48.8816
     988      24.4080      48.6594
     989      24.2706      47.9433
     990      24.3751      47.6127
     991      24.4963      48.4906
     992      24.3331      47.8057
     993      24.3861      47.4094
     994      24.3954      47.6054
     995      24.4746      47.4766
     996      24.3719      48.6771
     997      24.4233      47.4371
     998      24.2963      47.5184
     999      24.1551      47.1891
    1000      24.2247      47.4200
