#Res          RMSF_ca
   1.000       5.5980
   2.000       4.0298
   3.000       3.2690
   4.000       2.2233
   5.000       2.0639
   6.000       1.8303
   7.000       1.4448
   8.000       1.0925
   9.000       1.1387
  10.000       1.2904
  11.000       1.7957
  12.000       3.7301
  13.000       4.7168
  14.000       5.3330
  15.000       4.5553
  16.000       2.9122
  17.000       2.4040
  18.000       2.0269
  19.000       1.9356
  20.000       2.7852
  21.000       2.7429
  22.000       2.3770
  23.000       1.6073
  24.000       1.2596
  25.000       1.0793
  26.000       1.1110
  27.000       0.9300
  28.000       0.7079
  29.000       0.8227
  30.000       0.8727
  31.000       0.6577
  32.000       0.7298
  33.000       0.6954
  34.000       0.6384
  35.000       0.7850
  36.000       0.9671
  37.000       1.1568
  38.000       1.1099
  39.000       1.2939
  40.000       1.2096
  41.000       0.8781
  42.000       1.0979
  43.000       1.2112
  44.000       1.3771
  45.000       0.9051
  46.000       0.8989
  47.000       0.7775
  48.000       0.7083
  49.000       0.6284
  50.000       0.6289
  51.000       0.6341
  52.000       0.6472
  53.000       0.8199
  54.000       0.8433
  55.000       0.7685
  56.000       1.1874
  57.000       0.8213
  58.000       0.7045
  59.000       0.7583
  60.000       0.7257
  61.000       0.8229
  62.000       0.8057
  63.000       0.6890
  64.000       0.6648
  65.000       0.6044
  66.000       0.5355
  67.000       0.5533
  68.000       0.5387
  69.000       0.5692
  70.000       0.6488
  71.000       0.6953
  72.000       0.6488
  73.000       0.6952
  74.000       0.7921
  75.000       0.7630
  76.000       0.6585
  77.000       0.7547
  78.000       0.7032
  79.000       0.6335
  80.000       0.5869
  81.000       0.4998
  82.000       0.5272
  83.000       0.5174
  84.000       0.5242
  85.000       0.5971
  86.000       0.5811
  87.000       0.6343
  88.000       0.6535
  89.000       0.6610
  90.000       0.6108
  91.000       0.5843
  92.000       0.5350
  93.000       0.5343
  94.000       0.5322
  95.000       0.5146
  96.000       0.5637
  97.000       0.5917
  98.000       0.7361
  99.000       0.6693
 100.000       0.6276
 101.000       0.5530
 102.000       0.5379
 103.000       0.5108
 104.000       0.5343
 105.000       0.5403
 106.000       0.6096
 107.000       0.6390
 108.000       0.6435
 109.000       0.6086
 110.000       0.5525
 111.000       0.5725
 112.000       0.5557
 113.000       0.5719
 114.000       0.6061
 115.000       0.9546
 116.000       1.0961
 117.000       1.5198
 118.000       1.2923
 119.000       1.1515
 120.000       0.8825
 121.000       0.7295
 122.000       0.6271
 123.000       0.6057
 124.000       0.5974
 125.000       0.6074
 126.000       0.6014
 127.000       0.6529
 128.000       0.6386
 129.000       0.6849
 130.000       0.5618
 131.000       0.5535
 132.000       0.5649
 133.000       0.5755
 134.000       0.5767
 135.000       0.6804
 136.000       0.6919
 137.000       0.7156
 138.000       0.6394
 139.000       0.6022
 140.000       0.5222
 141.000       0.5360
 142.000       0.5356
 143.000       0.5584
 144.000       0.5609
 145.000       0.6268
 146.000       0.7722
 147.000       0.7764
 148.000       0.6280
 149.000       0.5735
 150.000       0.5711
 151.000       0.5280
 152.000       0.5088
 153.000       0.5033
 154.000       0.5150
 155.000       0.5930
 156.000       0.7295
 157.000       0.6689
 158.000       0.6671
 159.000       0.7084
 160.000       0.6411
 161.000       0.7007
 162.000       0.6706
 163.000       0.7874
 164.000       0.9286
 165.000       0.6703
 166.000       0.5954
 167.000       0.6224
 168.000       0.7835
 169.000       0.7762
 170.000       0.8615
 171.000       0.8999
 172.000       0.9846
 173.000       1.1607
 174.000       1.3418
 175.000       1.4656
 176.000       1.7347
 177.000       1.8079
 178.000       2.3267
 179.000       2.3334
 180.000       2.0600
 181.000       2.6347
 182.000       3.1480
 183.000       3.1286
 184.000       3.3188
 185.000       3.8047
 186.000       3.6223
 187.000       3.3631
 188.000       2.7352
 189.000       3.2565
 190.000       3.3238
 191.000       2.4899
 192.000       2.7869
 193.000       2.6710
 194.000       1.6167
 195.000       1.6952
 196.000       1.7376
 197.000       1.1894
 198.000       0.8813
 199.000       0.7405
 200.000       0.5913
 201.000       0.5940
 202.000       0.6539
 203.000       0.7487
 204.000       0.7930
 205.000       0.9215
 206.000       0.8674
 207.000       0.9584
 208.000       1.0900
 209.000       1.0073
 210.000       0.8230
 211.000       1.0590
 212.000       1.1714
 213.000       1.0120
 214.000       1.0347
 215.000       1.3115
 216.000       1.2685
 217.000       1.1733
 218.000       1.4486
 219.000       1.2834
 220.000       1.1426
 221.000       0.9587
 222.000       0.9300
 223.000       1.1573
 224.000       1.0166
 225.000       0.7502
 226.000       0.5929
 227.000       0.6238
 228.000       0.6126
 229.000       0.6154
 230.000       0.6074
 231.000       0.7568
 232.000       0.9084
 233.000       0.8957
 234.000       0.9563
 235.000       0.8013
 236.000       0.7229
 237.000       0.8134
 238.000       0.6902
 239.000       0.8435
 240.000       0.6756
 241.000       0.5907
 242.000       0.6292
 243.000       0.5567
 244.000       0.4991
 245.000       0.5591
 246.000       0.6048
 247.000       0.6283
 248.000       0.7140
 249.000       0.7733
 250.000       0.7129
 251.000       0.6905
 252.000       0.9291
 253.000       0.7570
 254.000       0.7489
 255.000       0.8336
 256.000       0.8880
 257.000       0.6453
 258.000       0.5696
 259.000       0.5303
 260.000       0.5051
 261.000       0.4657
 262.000       0.4879
 263.000       0.5293
 264.000       0.5433
 265.000       0.6330
 266.000       0.7559
 267.000       0.8470
 268.000       0.6502
 269.000       0.5610
 270.000       0.5203
 271.000       0.6577
 272.000       0.5665
 273.000       0.5866
 274.000       0.6522
 275.000       0.6211
 276.000       0.7163
 277.000       0.7102
 278.000       0.6699
 279.000       0.6509
 280.000       0.5304
 281.000       0.5236
 282.000       0.5743
 283.000       0.4848
 284.000       0.5007
 285.000       0.5687
 286.000       0.5937
 287.000       0.5897
 288.000       0.6207
 289.000       0.5774
 290.000       0.5768
 291.000       0.5589
 292.000       0.6076
 293.000       0.6446
 294.000       0.7035
 295.000       0.9423
 296.000       1.3509
 297.000       1.7545
 298.000       1.5041
 299.000       0.9117
 300.000       0.7509
 301.000       0.6656
 302.000       0.5730
 303.000       0.5386
 304.000       0.5482
 305.000       0.5350
 306.000       0.5701
 307.000       0.5785
 308.000       0.5939
 309.000       0.5319
 310.000       0.5544
 311.000       0.6478
 312.000       0.6288
 313.000       0.5807
 314.000       0.6022
 315.000       0.6456
 316.000       0.6566
 317.000       0.6312
 318.000       0.5631
 319.000       0.4929
 320.000       0.5070
 321.000       0.5396
 322.000       0.5656
 323.000       0.5591
 324.000       0.6601
 325.000       0.8099
 326.000       0.9666
 327.000       0.8255
 328.000       0.6638
 329.000       0.5158
 330.000       0.4918
 331.000       0.4662
 332.000       0.4797
 333.000       0.5300
 334.000       0.5213
 335.000       0.5858
 336.000       0.6738
 337.000       0.6809
 338.000       0.7899
 339.000       0.7192
 340.000       0.6429
 341.000       0.6318
 342.000       0.6273
 343.000       0.6834
 344.000       0.6338
 345.000       0.6512
 346.000       0.6946
 347.000       0.7463
 348.000       0.8726
 349.000       0.9024
 350.000       0.9712
 351.000       1.2168
 352.000       1.4701
 353.000       1.8488
 354.000       1.7189
 355.000       2.1182
 356.000       2.0061
 357.000       1.5555
 358.000       1.8714
 359.000       2.3372
 360.000       2.4190
 361.000       2.4750
 362.000       2.5162
 363.000       2.5248
 364.000       2.6784
 365.000       2.5245
 366.000       2.7284
 367.000       2.2037
 368.000       1.6321
 369.000       2.0626
 370.000       1.7710
 371.000       1.1325
 372.000       1.0521
 373.000       1.0069
 374.000       1.0060
 375.000       1.0104
 376.000       0.7277
 377.000       0.5787
 378.000       0.5421
 379.000       0.6648
 380.000       0.7956
 381.000       1.0126
 382.000       2.0090
