#Frame       W96_chi1    W274_chi1
       1      53.7965      48.8797
       2      61.9878      59.4973
       3      50.8820      66.1215
       4      53.9066      65.9134
       5      62.2527      65.3236
       6      59.0730      61.1220
       7      57.3312      91.9537
       8      54.0946      77.1429
       9      66.4631      74.9788
      10      55.2382      74.0772
      11      51.1357      66.5436
      12      58.7981      61.3114
      13      56.6899      63.0638
      14      64.1840      59.7209
      15      53.2158      57.2966
      16      43.1559      49.0753
      17      50.3850      66.4640
      18      48.8398      72.7752
      19      47.5288      57.5195
      20      61.3572      76.9853
      21      64.0410      62.5007
      22      70.2252      69.5608
      23      77.0806      78.1757
      24      82.1708      74.4181
      25      47.5900      67.6257
      26      59.2101      74.4279
      27      47.3300      68.6990
      28      58.5712      73.9010
      29      41.4373      59.5071
      30      67.5334      78.0934
      31      58.0247      63.2068
      32      66.3121      75.2444
      33      59.6562      60.9208
      34      58.3029      47.2391
      35      56.0799      52.9871
      36      62.3793      51.4634
      37      65.2733      65.8753
      38      68.8593      58.5199
      39      44.5396      77.0228
      40      52.0873      76.4461
      41      43.1141      77.0350
      42      47.9174      78.2627
      43      72.5417      75.5613
      44      65.1163      77.1517
      45      71.5845      78.3330
      46      59.9832      66.0984
      47      59.0738      61.8008
      48      72.3279      64.3470
      49      57.1482      61.9532
      50      73.4607      63.4083
      51      74.3228      77.1293
      52      76.3667      73.6273
      53      78.0726      89.8434
      54      67.0565      82.5843
      55      71.8336      66.5540
      56      83.9565      56.5769
      57      83.3729      52.6492
      58      61.7545      69.0099
      59      51.4028      59.0848
      60      66.1339      68.8223
      61      47.2825      65.8464
      62      54.0279      50.3966
      63      53.9031      73.9812
      64      71.2897      81.6499
      65      69.4019      78.6070
      66      61.8042      65.6418
      67      49.8852      81.7950
      68      66.8633      64.9824
      69      77.1277      67.8018
      70      65.8451      82.1676
      71      66.3991      56.9521
      72      59.4147      70.8820
      73      74.2627      74.0053
      74      63.0643      79.6182
      75      69.4274      81.7841
      76      56.5977      80.5000
      77      60.5913      64.1379
      78      52.1751      71.1241
      79      51.4185      48.0030
      80      54.7657      75.7831
      81      57.1751      76.5372
      82      33.9092      73.9840
      83      56.5542      80.8020
      84      54.8218      75.0726
      85      63.6514      78.9937
      86      67.1318      58.7540
      87      58.2406      67.9976
      88      51.3625      73.9258
      89      49.4850      77.3848
      90      63.7636      79.8358
      91      51.2063      78.2056
      92      56.8867      71.8557
      93      61.7215      66.3038
      94      57.1624      78.4955
      95      44.5661      74.3675
      96      65.0813      69.6534
      97      72.3338      65.9489
      98      62.2973      83.6767
      99      72.0398      84.8502
     100      68.7532      77.1621
     101      71.0608      72.3721
     102      44.0154      66.9383
     103      65.6573      79.0144
     104      64.0491      70.0362
     105      54.5369      68.9932
     106      61.7796      70.3684
     107      66.6543      60.1706
     108      54.1070      70.7049
     109      53.4782      78.3556
     110      42.8617      87.7046
     111      52.6117      96.2370
     112      51.5450     175.3038
     113      56.5328     166.6117
     114      69.6349    -164.7965
     115      36.9090    -178.5810
     116      56.4480    -151.6338
     117      50.5564    -171.6935
     118      57.4083     178.3777
     119      46.6251    -170.8939
     120      62.3976    -167.8259
     121      62.5284    -162.3876
     122      62.1636     176.3150
     123      53.3288     179.9392
     124      44.3333    -159.9321
     125      63.2068     177.5067
     126      59.8190     172.9976
     127      61.4371    -176.2356
     128      66.4325    -160.1062
     129      71.2259    -177.3880
     130      51.8984    -176.1729
     131      72.2852     178.9061
     132      66.2955    -174.5409
     133      39.9242    -156.1902
     134      60.6056    -169.4808
     135      63.1201    -163.4811
     136      57.5655    -173.8588
     137      61.8005     177.0574
     138      62.8934    -147.7053
     139      50.4331    -159.5044
     140      54.3672    -157.0203
     141      67.2354    -178.1363
     142      54.0241    -169.3180
     143      70.3452    -169.7020
     144      76.1672    -155.1512
     145      54.8333     175.3713
     146      46.5508    -139.2306
     147      58.6462    -149.9804
     148      52.3567    -145.1154
     149      60.1186     166.1554
     150      69.7349    -178.3789
     151      60.8419     174.8152
     152      66.9402    -172.9261
     153      59.3147    -171.2116
     154      62.7235    -162.1412
     155      51.4537    -171.6279
     156      66.4926     176.5793
     157      61.1607    -162.5009
     158      70.3788    -153.3156
     159      62.7866     160.4102
     160      53.3964    -158.0972
     161      49.5351    -148.9752
     162      48.5747    -177.7895
     163      45.5434     178.6108
     164      47.8418     176.3231
     165      82.7684     169.6625
     166      54.1280    -179.0712
     167      55.0662    -158.6996
     168      51.9710    -158.8323
     169      61.1851    -178.8680
     170      65.7501    -166.2584
     171      56.3274    -172.8782
     172      42.0524    -158.8114
     173      53.5640    -158.7018
     174      58.7588     178.4873
     175      58.7569     171.8166
     176      52.9203    -177.4238
     177      60.0576     178.4914
     178      54.9422    -177.2929
     179      45.9574    -176.9965
     180      64.9241     175.0820
     181      61.3305     173.8608
     182      54.9415     168.5152
     183      53.8819     167.8074
     184      51.2293    -173.8993
     185      45.8397     169.2841
     186      60.8490    -177.6835
     187      61.3801    -173.0629
     188      43.9488    -167.5901
     189      69.3412    -151.4589
     190      54.6952    -153.6546
     191      55.2538    -147.6490
     192      62.5925    -129.6150
     193      41.6701    -168.0609
     194      62.2566     170.8235
     195      55.7785    -171.2625
     196      55.8443    -144.4759
     197      71.9846    -142.2253
     198      64.1470    -168.6897
     199      61.9955    -168.8904
     200      61.7898    -162.7685
     201      57.4485    -179.9724
     202      48.8395    -169.3653
     203      35.5959    -123.7407
     204      38.4010    -169.7699
     205      55.6499    -167.4566
     206      45.7956    -166.4163
     207      62.6487    -151.7617
     208      53.2626    -168.8143
     209      60.5921    -152.5833
     210      48.8999    -172.6385
     211      54.0156    -144.9853
     212      51.6230    -159.9295
     213      47.4025    -175.3017
     214      56.8080    -175.5703
     215      62.2279    -173.1738
     216      42.0160     176.4012
     217      53.8439     174.5021
     218      47.5821    -166.1912
     219      59.9504    -171.0134
     220      66.4021    -173.7268
     221      62.5111    -147.2624
     222      60.3433    -151.4262
     223      49.4545     173.2804
     224      59.3728    -175.2320
     225      42.0530    -177.0163
     226      53.1920     179.2210
     227      55.6062    -148.5283
     228      48.1436    -165.7068
     229      60.7552    -173.3068
     230      46.9492    -147.9255
     231      59.9895    -176.2245
     232      59.3392     172.3814
     233      62.5945     170.2749
     234      55.6009    -167.5810
     235      50.0092    -175.5156
     236      60.8135    -171.8449
     237      59.1586    -141.8058
     238      47.9219    -161.1843
     239      77.2900     179.2691
     240      73.7482     178.8213
     241      59.5618    -176.8092
     242      55.5822     162.7994
     243      57.2325     179.2768
     244      55.4668     171.2934
     245      45.9950     172.4690
     246      52.3458    -163.3064
     247      55.1219    -160.1913
     248      61.8570    -158.7315
     249      71.8140    -151.6358
     250      74.1776    -138.5494
     251      62.4460    -146.6703
     252      59.5164    -159.9838
     253      60.1166    -155.1280
     254      62.9788    -138.3413
     255      51.1292     171.8693
     256      67.0620     170.1273
     257      57.3089    -157.8750
     258      46.4985    -157.6309
     259      69.4287     173.1612
     260      58.8700    -162.3554
     261      60.5087     164.4587
     262      60.8060    -177.8742
     263      51.6708    -155.6744
     264      51.7847    -163.0022
     265      53.2731    -142.9373
     266      77.0634    -173.0241
     267      55.0667    -150.3944
     268      61.0148    -167.2121
     269      63.4174    -144.8116
     270      64.3895    -130.1510
     271      47.6850    -150.7873
     272      69.2414    -161.6112
     273      74.9243    -157.8919
     274      52.4886    -172.2700
     275      56.0975    -150.5550
     276      52.6318    -178.3218
     277      42.3317    -158.4348
     278      50.7482     164.9775
     279      81.1905     172.7195
     280      66.1663    -174.1573
     281      59.8670    -169.1840
     282      62.5693    -167.2622
     283      44.3652    -179.7598
     284      69.7659    -174.9093
     285      63.9925    -151.1674
     286      82.2773    -172.4162
     287      52.7674     171.1706
     288      67.4287    -177.0843
     289      62.8463    -152.1732
     290      66.4473    -137.2020
     291      77.3527    -173.2350
     292      57.7495     176.8644
     293      56.6603    -140.8455
     294      69.6908     177.4994
     295      64.0700     168.7119
     296      70.9966    -166.1983
     297      76.8404    -176.2272
     298      66.6705    -178.3107
     299      63.3990    -147.4795
     300      67.6204    -166.5249
     301      67.8362     177.7125
     302      60.3233     164.3862
     303      55.6955    -175.2458
     304      61.1175     173.2280
     305      67.4456    -173.4029
     306      56.7602     177.5169
     307      75.3179    -179.7222
     308      74.9701     177.5359
     309      53.4466    -173.2699
     310      69.9668    -172.2670
     311      73.7676    -152.2640
     312      57.0540    -174.9076
     313      71.2108    -171.4213
     314      75.6828    -174.5987
     315      62.6625    -172.8022
     316      41.3505    -175.5913
     317      56.0337    -176.9905
     318      78.6291    -155.4434
     319      61.8282     162.6440
     320      61.1259    -171.9704
     321      60.1227    -176.1383
     322      68.0298    -158.0354
     323      75.0090    -145.4895
     324      62.5537    -158.9870
     325      60.9730    -171.0986
     326      59.0277     173.3006
     327      81.0590    -169.9813
     328      43.0916    -170.7020
     329      60.8219    -164.5412
     330      73.5125    -161.6690
     331      52.9748    -139.9193
     332      69.9898     174.8569
     333      58.9701     176.4584
     334      51.7965    -171.7450
     335      77.0366    -134.7359
     336      70.6755    -132.6620
     337      85.1987    -179.9200
     338      69.7505    -165.4163
     339      59.2819    -162.4757
     340      61.0591    -176.2472
     341      74.6634    -166.8554
     342      58.1573    -149.9858
     343      72.4984    -163.8521
     344      66.6772    -137.4298
     345      55.4361    -162.9804
     346      68.2004    -173.4913
     347      78.7264    -159.7384
     348      69.7698    -179.2579
     349      70.3706     179.9583
     350      71.7353     172.1423
     351      71.5215    -167.8469
     352      59.7227    -174.0107
     353      60.6527     175.9284
     354      70.9332    -171.4050
     355      56.9412    -166.2537
     356      78.0007    -161.7184
     357      55.9327    -179.4965
     358      74.4215    -173.5035
     359      62.7459    -170.8086
     360      54.1443     175.2252
     361      70.4687     170.4952
     362      71.1091    -173.1885
     363      52.2254    -161.2782
     364      59.1749    -152.8752
     365      63.6407    -179.6556
     366      53.8630    -177.6964
     367      74.2365    -163.7482
     368      56.6751    -163.0130
     369      56.3507     166.2291
     370      58.0681    -175.5933
     371      76.8065    -166.1235
     372      59.3613     169.7377
     373      60.0640    -171.8170
     374      57.9466    -141.8179
     375      58.0069     175.4927
     376      58.4765    -165.7738
     377      60.2131    -169.3494
     378      59.3509    -174.9808
     379      61.6386    -169.8718
     380      54.7851     168.3200
     381      52.4813    -174.1524
     382      51.6391     175.4253
     383      53.9792    -139.8490
     384      49.4419    -163.7039
     385      60.2658    -163.0945
     386      51.9771    -163.0070
     387      67.3463    -157.0743
     388      50.9089    -170.2842
     389      63.5409    -174.8273
     390      53.6586     173.8579
     391      53.7354    -163.2070
     392      50.5619    -151.7847
     393      44.3972    -174.3957
     394      59.9571    -164.9464
     395      70.5793    -141.7710
     396      41.8101    -176.8940
     397      81.5062     177.2036
     398      55.6296     170.6216
     399      55.3157     178.5528
     400      61.9333    -167.1037
     401      53.6392     156.5562
     402      51.7017    -177.2928
     403      68.7553    -179.8150
     404      67.0255    -172.6536
     405      81.2755    -177.5584
     406      54.5961     179.6076
     407      54.9435    -164.8684
     408      38.6651    -167.8498
     409      50.2537     167.3565
     410      53.2441     173.4491
     411      69.7196    -167.4287
     412      53.7411    -167.4312
     413      59.7342    -168.3985
     414      54.4144     179.1515
     415      67.1100    -171.4696
     416      48.2157    -145.5625
     417      57.0307     178.1321
     418      67.0404    -179.8365
     419      57.3616    -168.4338
     420      59.0247    -168.0567
     421      63.2595    -176.2638
     422      55.9522     161.5738
     423      36.3068    -162.0148
     424      49.6381    -152.1400
     425      71.5941    -170.8063
     426      66.5323    -167.2405
     427      54.2064    -173.0551
     428      47.8531    -157.2681
     429      53.6381    -174.0923
     430      49.8306    -140.3432
     431      63.0049    -168.6083
     432      45.6583    -156.7694
     433      77.2074    -148.4349
     434      63.3741    -176.5394
     435      53.8638    -172.7432
     436      53.1851    -161.6234
     437      46.6338    -141.0657
     438      52.9143     173.6104
     439      62.2970    -172.5354
     440      68.9072    -136.6390
     441      51.5157    -155.2103
     442      59.5394    -171.0375
     443      67.2014    -164.6162
     444      72.8864    -159.3404
     445      59.6992     176.0362
     446      63.7788     174.5482
     447      56.1485    -175.6872
     448      66.8855     173.0346
     449      56.1061    -174.1962
     450      55.4595    -177.9296
     451      55.2722    -177.2287
     452      62.5242    -137.1093
     453      56.5866    -178.2546
     454      49.1737     175.5817
     455      52.9221    -175.8486
     456      67.3422     167.9014
     457      44.1098     176.3833
     458      49.6898    -169.1002
     459      61.3477    -174.5245
     460      54.3279    -174.1447
     461      69.4063    -170.0869
     462      55.0530    -166.7159
     463      64.4622    -173.8288
     464      52.3762     176.5455
     465      50.4573    -177.6978
     466      51.9246    -145.6501
     467      49.4448    -173.1662
     468      62.3389    -164.0260
     469      62.0183    -157.8935
     470      64.4383    -174.1607
     471      68.8653    -154.7670
     472      75.4829    -146.4534
     473      56.5510    -157.2861
     474      61.1278    -132.0140
     475      67.7318    -132.6051
     476      59.5369    -135.3510
     477      70.6837    -145.7510
     478      68.7399    -102.7516
     479      75.9037    -178.7244
     480      70.4422    -169.2731
     481      56.4678    -164.8323
     482      76.3034     173.0187
     483      58.1487    -163.5100
     484      70.5170    -171.0288
     485      62.0651    -167.8474
     486      71.4241    -172.4347
     487      71.8614    -178.2299
     488      61.6486     177.3580
     489      72.3075    -171.6477
     490      78.1019    -175.4706
     491      61.2678    -167.5611
     492      53.6174    -177.2534
     493      68.2544     178.7044
     494      55.7831    -162.4847
     495      57.4668    -146.6731
     496      48.0283    -149.4002
     497      59.3052     179.4229
     498      69.1627    -177.9990
     499      59.9308    -172.7365
     500      37.3520    -169.1511
     501      52.2148    -176.2458
     502      63.0689    -168.2940
     503      54.3435    -179.8131
     504      63.8476    -156.0266
     505      76.0964    -162.5421
     506      76.7316    -153.2849
     507      77.3028    -156.8105
     508      75.1046    -135.2423
     509      55.8029    -148.4983
     510      72.8433     158.4069
     511      75.7998    -139.7503
     512      68.4100    -171.4002
     513      62.3635    -140.0665
     514      55.5557     179.0601
     515      65.8376    -171.4651
     516      53.3428    -174.9786
     517      55.1061    -168.4123
     518      58.4246    -167.2135
     519      72.7773    -176.4740
     520      55.1916     171.4207
     521      62.3393    -177.1353
     522      65.8531     170.4369
     523      56.0865     178.5044
     524      56.4964    -158.7290
     525      61.5254    -172.0385
     526      52.3016    -163.3626
     527      49.3860     179.4819
     528      66.5019    -150.9026
     529      48.6950     170.5795
     530      70.1068    -164.8046
     531      54.9196    -151.1330
     532      61.0348    -151.6394
     533      64.2166    -164.0946
     534      31.6047    -172.9171
     535      56.7683    -168.6597
     536      44.7421    -133.0521
     537      54.1375    -175.2869
     538      52.8819    -167.0848
     539      54.2530     165.0606
     540      55.9649    -166.0688
     541      54.4581    -172.7625
     542      55.6472    -170.1786
     543      56.1382     173.8624
     544      57.0543     177.1761
     545      46.5220    -164.6856
     546      74.7833    -155.3997
     547      56.0466    -178.3941
     548      62.8196    -153.0214
     549      53.8513    -174.4021
     550      49.9904     175.6417
     551      64.9887     163.5119
     552      75.8315    -174.5003
     553      82.3694    -178.1086
     554      66.6379    -169.4066
     555      61.5272    -171.6785
     556      53.5300    -178.1144
     557      58.1590    -156.4422
     558      46.4207    -170.7377
     559      53.5260    -155.4513
     560      55.1067    -174.6996
     561      54.4880    -178.1008
     562      40.2635    -142.4544
     563      65.6671    -169.7132
     564      53.4853    -173.8907
     565      53.7856    -158.5064
     566      61.4124    -172.7391
     567      64.0491    -156.3268
     568      60.2194    -144.9129
     569      50.4121     179.2935
     570      49.9594    -157.6857
     571      48.6747    -178.6550
     572      49.3513    -169.3584
     573      58.3065    -166.9079
     574      49.0577    -165.3812
     575      63.7139    -179.4683
     576      70.2378    -154.6796
     577      51.6169    -169.6261
     578      47.9058    -169.1734
     579      62.4208    -164.5082
     580      58.9647    -164.0337
     581      61.7820    -176.6865
     582      43.8353    -166.0292
     583      54.7141    -176.5310
     584      49.2716    -174.0373
     585      63.7804    -176.0054
     586      67.1871    -163.9606
     587      61.3629    -169.2573
     588      46.9783    -176.7919
     589      55.6033    -172.5870
     590      42.9639     177.9061
     591      58.2608     170.4927
     592      57.6492    -162.6185
     593      55.3572    -170.9001
     594      52.0815    -159.1664
     595      39.5987     177.2128
     596      61.7645     179.1567
     597      63.7539    -178.9205
     598      34.7824    -159.5248
     599      48.3319    -178.5139
     600      57.4087    -173.8033
     601      61.2189    -158.1083
     602      50.3190     178.8280
     603      64.2039    -142.6416
     604      87.4727     169.2441
     605      69.1209     179.8280
     606      70.4333    -162.5267
     607      69.3273     175.9867
     608      80.8861    -176.0636
     609      71.3941    -178.2082
     610      74.4456    -171.2557
     611      58.3572    -120.0786
     612      54.5997    -175.6559
     613      61.7084    -177.2327
     614      57.5779    -176.1507
     615      61.8461    -150.9982
     616      50.3195    -155.8237
     617      59.4964    -149.0350
     618      55.9841    -173.6963
     619      59.9077    -170.8317
     620      63.4174     179.7852
     621      54.0972     178.4468
     622      50.8722     173.2317
     623      40.6106    -175.1518
     624      59.1762     172.6039
     625      53.1902    -176.6083
     626      66.0205     179.6970
     627      60.1287    -169.3543
     628      51.4380     175.4115
     629      49.7614    -169.1117
     630      65.9791    -169.3482
     631      49.4034    -177.0622
     632      52.1697    -176.1785
     633      52.1465     178.8134
     634      60.0377     177.2470
     635      54.8819    -156.9903
     636      56.6940    -169.5750
     637      69.1948     168.0811
     638      55.5038     168.0397
     639      57.6630    -179.1107
     640      56.7937    -178.5982
     641      57.5111     175.0932
     642      61.1247    -137.1962
     643      55.0806    -175.7878
     644      52.1176    -174.3947
     645      43.5503    -177.4008
     646      53.6074    -159.8006
     647      42.5874     167.9321
     648      54.5508    -162.0059
     649      58.6820    -168.2017
     650      45.2088    -158.2229
     651      39.8105    -170.8419
     652      47.1896    -174.3884
     653      45.8190    -174.5819
     654      48.8081     174.0397
     655      48.5568    -171.7350
     656      49.2190    -169.4152
     657      50.2465    -174.1344
     658      46.7717    -173.0014
     659      50.7787    -160.1099
     660      49.8566     174.4585
     661      50.0356    -171.8912
     662      60.7859    -174.9756
     663      52.6473     171.9064
     664      58.1558    -175.5922
     665      50.8498     172.8757
     666      65.6626    -175.2964
     667      54.6115     168.7580
     668      53.5316     177.7360
     669      45.5964    -179.7245
     670      57.1131    -127.4651
     671      50.3652     175.6534
     672      56.2095    -173.1597
     673      50.1702     178.3062
     674      52.1560    -175.0324
     675      55.3268     164.5611
     676      47.1629     163.7653
     677      58.0055     179.5782
     678      37.5461    -173.1641
     679      43.1590    -157.5064
     680      23.1756    -172.7729
     681      50.8928    -170.0145
     682      54.1066     174.3438
     683      55.0119    -165.6715
     684      49.9659     171.1507
     685      59.9940     177.3926
     686      58.2470    -168.4592
     687      49.5700    -171.2712
     688      55.8889    -179.8524
     689      67.6114    -163.3120
     690      66.4292    -165.3519
     691      69.8690     177.3853
     692      64.7640     178.1612
     693      48.9273    -165.6316
     694      43.0911    -172.7754
     695      51.1890    -173.0306
     696      55.2527    -179.5462
     697      60.6163    -177.3493
     698      67.9803    -169.0505
     699      46.8137    -136.4532
     700      54.9665    -173.4009
     701      65.0221    -163.9088
     702      58.1833     179.1682
     703      55.9291    -154.5760
     704      52.9809    -144.9645
     705      44.0445    -157.2861
     706      63.7494     177.8390
     707      42.5185    -165.0722
     708      63.5002    -159.9836
     709      58.2354    -149.5586
     710      63.1656    -177.2131
     711      46.9371    -162.8478
     712      43.3973    -179.8761
     713      51.2042     177.8352
     714      55.2306    -159.9200
     715      43.5983    -159.9328
     716      40.7570    -172.6029
     717      37.7865    -152.2443
     718      41.5333    -156.3487
     719      45.6726    -148.2657
     720      51.2755    -161.2387
     721      45.0867    -155.8858
     722      58.3031    -174.1709
     723      70.9071    -161.3233
     724      59.0941    -175.8433
     725      51.7835     178.4878
     726      58.0448     174.1101
     727      62.6281    -166.3008
     728      52.7126    -167.1820
     729      53.5779    -169.0134
     730      50.1204    -174.6244
     731      71.3090     176.6194
     732      36.7120    -174.2325
     733      66.0574    -159.1539
     734      44.5236    -156.9232
     735      54.0442    -147.3916
     736      47.2660    -127.3535
     737      66.4868    -168.0353
     738      59.6763    -149.3749
     739      47.0301    -149.8721
     740      61.8814    -172.4434
     741      62.0412    -172.6061
     742      50.9502    -159.6759
     743      60.7324    -176.5080
     744      52.2495    -166.9883
     745      33.8052    -159.6562
     746      52.4822    -151.8962
     747      73.5787    -167.2833
     748      41.6711    -178.9985
     749      57.2177    -178.6141
     750      62.7622    -167.7129
     751      50.6214    -175.8521
     752      53.5495    -171.0259
     753      45.6265    -171.9875
     754      51.1528    -144.9519
     755      53.6554    -162.1567
     756      62.5985    -143.2142
     757      62.2064    -149.2939
     758      62.0600    -161.8847
     759      62.6458    -162.3691
     760      76.9549    -173.2281
     761      74.0997    -153.4225
     762      59.0232    -178.4084
     763      51.0507    -171.0764
     764      65.9295    -167.7789
     765      55.2290    -162.1816
     766      51.1439    -156.7828
     767      49.4835    -164.5338
     768      63.5173    -158.0004
     769      43.3803    -168.4208
     770      45.1048    -150.6247
     771      44.2558    -162.4661
     772      59.1963    -161.4830
     773      57.4638    -154.7365
     774      56.1600    -146.0011
     775      49.8293    -175.0495
     776      70.0436    -175.3421
     777      66.3804    -144.5505
     778      71.2088    -166.8149
     779      52.4713    -133.7796
     780      52.1819    -159.5901
     781      53.2400    -164.3958
     782      57.6314    -166.4539
     783      44.7381    -158.5938
     784      53.5282    -178.1150
     785      60.2166    -175.0861
     786      51.5807    -176.6131
     787      47.8372    -178.6559
     788      55.8398    -141.8968
     789      46.6420    -163.0858
     790      63.4476    -177.4394
     791      67.5686    -145.3923
     792      57.6168    -135.9847
     793      50.8748    -165.0782
     794      56.2924    -166.1094
     795      54.4220    -140.3676
     796      58.4787    -148.0696
     797      52.2608    -155.1934
     798      60.0685    -170.7525
     799      65.0290    -163.0454
     800      64.0469    -177.1543
     801      70.9343    -163.5186
     802      69.1939    -147.9267
     803      58.7130     174.2808
     804      60.3636     172.5661
     805      62.4690    -150.4647
     806      74.5565    -150.4698
     807      50.7437    -152.0513
     808      60.0257    -149.7362
     809      64.1611    -139.8515
     810      65.4387    -162.4641
     811      49.5232    -177.8814
     812      65.8535     178.6798
     813      61.4304     169.8049
     814      53.7514     172.7480
     815      65.7690     165.3618
     816      62.6143     174.0819
     817      57.9440    -176.8280
     818      70.9354    -163.6152
     819      59.2473    -147.1823
     820      64.5655     178.5192
     821      62.0742    -169.5492
     822      67.0974    -175.0922
     823      77.3762    -162.7727
     824      76.0918    -173.8414
     825      78.6105     162.4014
     826      66.5294    -158.5089
     827      59.1820    -175.0665
     828      62.6657    -177.5271
     829      76.8959    -170.3988
     830      63.9243     172.0098
     831      66.4535    -172.3330
     832      81.3024     179.2857
     833      57.3416    -177.2745
     834      67.7765    -166.0463
     835      63.0656     174.4560
     836      65.8098    -165.8011
     837      62.8853    -164.9613
     838      60.8292    -167.0722
     839      64.5508    -163.8607
     840      68.1041     177.3506
     841      66.4418    -167.2055
     842      58.2478     161.6315
     843      68.7572     176.3886
     844      60.7959     171.6342
     845      64.0723    -149.4619
     846      69.6956    -170.6199
     847      52.7299    -156.9134
     848      70.1570    -167.3317
     849      55.0817     171.4724
     850      63.2293    -162.1801
     851      72.5224    -137.2752
     852      62.4968     173.8687
     853      85.7546    -158.1319
     854      66.6951     169.9787
     855      66.7831    -166.3777
     856      63.5898    -148.9623
     857      77.9866    -174.1903
     858      64.2184    -170.9752
     859      60.0764    -176.9446
     860      69.7595    -154.4434
     861      68.6915    -166.5785
     862      75.3811    -171.6117
     863      55.1302    -156.6737
     864      76.9365    -155.6875
     865      60.5544    -160.7685
     866      76.1895    -147.9985
     867      68.1836    -162.5727
     868      68.7432    -167.3573
     869      76.2280    -178.3489
     870      66.6629    -167.2444
     871      69.7966    -174.2933
     872      70.0008    -169.3321
     873      66.6047    -162.8834
     874      44.1956    -155.2634
     875      73.2815    -150.3078
     876      54.7920    -160.0332
     877      65.9700    -174.9564
     878      80.1295    -158.2927
     879      67.6109    -161.2047
     880      69.3974     174.9118
     881      52.9475    -176.3589
     882      75.1038    -163.8404
     883      47.3443    -172.7645
     884      67.5223    -159.1836
     885      57.4587    -166.4593
     886      49.9381    -157.0313
     887      55.8579    -174.0014
     888      53.2904    -177.9134
     889      63.5461    -158.2969
     890      56.8937    -170.8343
     891      50.4608     176.8601
     892      60.5192    -176.5051
     893      49.8208    -148.8320
     894      47.9578    -144.0570
     895      49.9848    -166.7566
     896      75.2235    -141.1168
     897      58.4071    -165.0825
     898      68.8526    -171.4606
     899      55.7454     179.4588
     900      40.8188    -175.9186
     901      54.4073    -173.6779
     902      43.1400    -172.7674
     903      45.6693    -151.3535
     904      62.1490    -163.8070
     905      53.5266    -177.4138
     906      56.3341    -175.6986
     907      59.2258    -177.8935
     908      50.5953    -151.9778
     909      59.4230    -146.9752
     910      51.6856    -152.4336
     911      60.1766    -134.7802
     912      47.6726    -174.1815
     913      53.8101    -144.3084
     914      53.5005    -164.2352
     915      63.8226    -165.4394
     916      50.7787    -178.7668
     917      54.5537    -170.0597
     918      52.3792    -163.1863
     919      57.9767    -171.8554
     920      60.7989    -170.5046
     921      52.9941    -169.5266
     922      41.2578    -173.4462
     923      53.5775    -179.7635
     924      52.4912    -143.6923
     925      55.9877    -149.7851
     926      51.9636    -178.7806
     927      56.2688    -149.2084
     928      63.6121     169.5950
     929      73.2307    -167.1795
     930      52.7436    -122.7279
     931      57.1438    -146.4481
     932      35.8489     172.6778
     933      64.1291    -151.3078
     934      59.1381     178.8120
     935      44.9248    -156.8411
     936      60.9116    -177.7438
     937      39.0519    -167.6102
     938      53.0769    -153.1783
     939      50.7106    -150.7955
     940      56.7224     166.3155
     941      38.7908    -164.9997
     942      48.4081    -173.7321
     943      47.9968    -165.0746
     944      64.5361    -169.8294
     945      51.1196    -160.7177
     946      75.7626    -156.4070
     947      64.9847    -164.3696
     948      57.8888     176.3443
     949      62.7357    -163.4820
     950      62.6546    -173.5213
     951      69.5688     177.0729
     952      52.5065    -168.8646
     953      70.4860    -166.2609
     954      66.2500    -171.5571
     955      58.6524     174.7153
     956      57.1435     178.8462
     957      70.5828     179.5030
     958      51.8127    -178.5471
     959      58.0595     176.9676
     960      58.4411    -163.7456
     961      58.8686    -174.4716
     962      52.5145    -107.7325
     963      73.3700    -173.3857
     964      61.9311    -170.9520
     965      52.4663    -166.8771
     966      68.3873    -166.7799
     967      46.5256    -144.8762
     968      59.9830    -175.3009
     969      71.6112    -168.7616
     970      53.4714    -173.2904
     971      71.4062    -161.4962
     972      55.5686    -170.8195
     973      60.0995    -175.8403
     974      53.0562     164.6036
     975      66.3484    -149.5143
     976      73.4942    -172.5768
     977      68.0449    -140.1578
     978      74.3823     172.8978
     979      54.9652    -159.2714
     980      56.0129    -150.7273
     981      63.7268    -162.0280
     982      74.9958     178.6032
     983      73.0544     175.1714
     984      72.7575    -156.9335
     985      54.0139    -176.8816
     986      65.2415    -179.6283
     987      46.6147    -157.7632
     988      37.7107     173.2998
     989      53.7736     179.2221
     990      68.2896    -166.3820
     991      61.1577     173.5934
     992      61.1050    -140.6297
     993      53.9042    -178.6592
     994      63.0065     171.5864
     995      57.9049    -168.8911
     996      55.6755     175.3598
     997      66.2672    -178.7586
     998      78.2294    -167.3812
     999      56.1491     173.8723
    1000      71.3065    -153.3850
