#Frame      TRP_stack
       1      37.5491
       2      36.8141
       3      37.9483
       4      37.4910
       5      37.2244
       6      38.0798
       7      37.5285
       8      38.1070
       9      37.6969
      10      37.7438
      11      38.0222
      12      37.9281
      13      38.9179
      14      38.0857
      15      39.2838
      16      40.3691
      17      38.5288
      18      38.7571
      19      38.4831
      20      37.5521
      21      38.5778
      22      36.8559
      23      37.5097
      24      37.7062
      25      38.0736
      26      38.1158
      27      38.1499
      28      37.4368
      29      37.9851
      30      37.8409
      31      37.9442
      32      37.6288
      33      37.7624
      34      37.2064
      35      37.7290
      36      37.5950
      37      38.2757
      38      37.8935
      39      37.8886
      40      38.4096
      41      38.3901
      42      38.3903
      43      38.6133
      44      37.2658
      45      37.4815
      46      38.4267
      47      37.0563
      48      37.1513
      49      38.3697
      50      37.6216
      51      37.4792
      52      38.0106
      53      38.1382
      54      37.8551
      55      37.6009
      56      37.2985
      57      38.0397
      58      38.6546
      59      38.9346
      60      38.0589
      61      38.4037
      62      38.6370
      63      38.1504
      64      38.0051
      65      37.8323
      66      37.5617
      67      37.7646
      68      37.3126
      69      37.7192
      70      37.2442
      71      38.2662
      72      38.0517
      73      37.9952
      74      37.8488
      75      37.4280
      76      37.6108
      77      38.1188
      78      38.5631
      79      37.9567
      80      38.3586
      81      38.5049
      82      39.2015
      83      38.3074
      84      38.8504
      85      38.5030
      86      38.0548
      87      38.2891
      88      39.5768
      89      39.1897
      90      38.5511
      91      38.6465
      92      38.5059
      93      39.7733
      94      39.2602
      95      39.0096
      96      38.2251
      97      38.0736
      98      38.8741
      99      38.0401
     100      38.0503
     101      37.9153
     102      37.9610
     103      38.4637
     104      38.4262
     105      38.9623
     106      38.1392
     107      38.5252
     108      38.3962
     109      38.6323
     110      38.5075
     111      38.7281
     112      38.5657
     113      38.8582
     114      38.3479
     115      39.0666
     116      38.9793
     117      39.5930
     118      39.2874
     119      39.8355
     120      38.9223
     121      39.4145
     122      39.0678
     123      39.3259
     124      39.9938
     125      39.2405
     126      39.4801
     127      39.2678
     128      38.6258
     129      38.7348
     130      39.1390
     131      39.1242
     132      39.0998
     133      39.8497
     134      39.1229
     135      38.9263
     136      39.2381
     137      39.0617
     138      38.5743
     139      39.5306
     140      38.3652
     141      39.2759
     142      39.2793
     143      38.8521
     144      38.5501
     145      38.6648
     146      40.1086
     147      40.4399
     148      39.9693
     149      39.6001
     150      39.1075
     151      39.2926
     152      38.5509
     153      38.9950
     154      38.7786
     155      39.3553
     156      38.2508
     157      38.8013
     158      39.0116
     159      38.6831
     160      38.9657
     161      38.7783
     162      38.6878
     163      38.9853
     164      38.2956
     165      38.9157
     166      39.1696
     167      39.2175
     168      38.9663
     169      38.3581
     170      38.5079
     171      38.4821
     172      39.3644
     173      38.9183
     174      38.7314
     175      38.7064
     176      39.5717
     177      38.5825
     178      38.5213
     179      39.0354
     180      39.2493
     181      39.8859
     182      39.3062
     183      38.9718
     184      38.9454
     185      39.6168
     186      39.7534
     187      38.6161
     188      40.0963
     189      38.9638
     190      39.3094
     191      39.2713
     192      37.7841
     193      39.0623
     194      39.0676
     195      39.4260
     196      39.3383
     197      38.7705
     198      38.5767
     199      38.6861
     200      39.2439
     201      38.6857
     202      38.8177
     203      39.2855
     204      39.7513
     205      38.5816
     206      39.3014
     207      38.9993
     208      38.8770
     209      39.3922
     210      38.9054
     211      39.0515
     212      38.8363
     213      38.8876
     214      38.9341
     215      39.1534
     216      38.6951
     217      39.9474
     218      38.7317
     219      38.2286
     220      38.2719
     221      39.0431
     222      39.2836
     223      39.0855
     224      37.9636
     225      39.6979
     226      39.4276
     227      39.5678
     228      39.1161
     229      38.4759
     230      39.0924
     231      38.9714
     232      38.1672
     233      38.5924
     234      38.7644
     235      39.0458
     236      38.8938
     237      38.4191
     238      38.4815
     239      38.8665
     240      38.4127
     241      39.2289
     242      39.4683
     243      39.1095
     244      38.8133
     245      38.6391
     246      38.5620
     247      38.6288
     248      38.1965
     249      39.4043
     250      39.1414
     251      38.6963
     252      38.5157
     253      38.5505
     254      39.2487
     255      39.2545
     256      38.5204
     257      38.5033
     258      39.5244
     259      38.4103
     260      38.9855
     261      37.8384
     262      38.3379
     263      38.8372
     264      38.9889
     265      39.7932
     266      38.0708
     267      38.6058
     268      39.6395
     269      38.6724
     270      39.1778
     271      39.7187
     272      37.9315
     273      37.3832
     274      38.4808
     275      39.0670
     276      38.6519
     277      38.8365
     278      38.1919
     279      38.1008
     280      38.1864
     281      38.6460
     282      38.6319
     283      38.3067
     284      38.5515
     285      38.4737
     286      39.1525
     287      38.7973
     288      39.0347
     289      38.7747
     290      38.6420
     291      38.4985
     292      38.1624
     293      38.7053
     294      38.8898
     295      39.2293
     296      38.8374
     297      39.0780
     298      38.3475
     299      38.7626
     300      38.8005
     301      38.3451
     302      39.2202
     303      38.3071
     304      38.4230
     305      38.0081
     306      37.7290
     307      38.1761
     308      37.0732
     309      38.4568
     310      38.0294
     311      38.5594
     312      38.3344
     313      37.5906
     314      38.2014
     315      38.3434
     316      39.1384
     317      38.5642
     318      38.5590
     319      38.6629
     320      39.2908
     321      38.6282
     322      38.4893
     323      38.6500
     324      38.4703
     325      38.5302
     326      38.5858
     327      38.2871
     328      38.6801
     329      38.2782
     330      37.8922
     331      39.0802
     332      39.0846
     333      37.9047
     334      39.0249
     335      39.0265
     336      37.9227
     337      38.2590
     338      37.4033
     339      38.3547
     340      38.6895
     341      38.3269
     342      38.1322
     343      38.7711
     344      38.5988
     345      37.7489
     346      38.3639
     347      38.7229
     348      38.2293
     349      37.9621
     350      38.8405
     351      37.8007
     352      38.5098
     353      39.2330
     354      38.8752
     355      38.3556
     356      38.4933
     357      39.4129
     358      39.1451
     359      38.4303
     360      39.5010
     361      37.8050
     362      38.2298
     363      38.2629
     364      38.8784
     365      38.8915
     366      38.9636
     367      38.3623
     368      39.1096
     369      39.1562
     370      38.7056
     371      38.7696
     372      38.8856
     373      38.8458
     374      39.3738
     375      39.4827
     376      38.9573
     377      39.1250
     378      38.6385
     379      38.6142
     380      39.4741
     381      39.4187
     382      38.7861
     383      38.9840
     384      38.7262
     385      38.5132
     386      38.7061
     387      39.1659
     388      38.0901
     389      37.5857
     390      38.5197
     391      38.5710
     392      39.5580
     393      38.3764
     394      38.0933
     395      38.7222
     396      38.5994
     397      38.6441
     398      38.0757
     399      38.4155
     400      37.9005
     401      37.6335
     402      38.1873
     403      38.0316
     404      37.7698
     405      38.7653
     406      38.3171
     407      39.0050
     408      39.7516
     409      39.0453
     410      38.9798
     411      38.5179
     412      39.0404
     413      39.5665
     414      39.0963
     415      39.2668
     416      40.2119
     417      39.1070
     418      39.3213
     419      39.0545
     420      38.9071
     421      38.3991
     422      39.1563
     423      39.7920
     424      39.8068
     425      39.0193
     426      38.7333
     427      39.5194
     428      39.5884
     429      39.7904
     430      40.0411
     431      38.8854
     432      39.8010
     433      38.6760
     434      38.3519
     435      38.6788
     436      39.5958
     437      39.6613
     438      38.9008
     439      38.3137
     440      38.5868
     441      38.9755
     442      39.4088
     443      38.6950
     444      37.9669
     445      38.4091
     446      38.8312
     447      38.5734
     448      38.1616
     449      39.2733
     450      38.4153
     451      39.3733
     452      39.4310
     453      38.7566
     454      38.9129
     455      39.1653
     456      39.2353
     457      38.6072
     458      38.9874
     459      38.8534
     460      39.7561
     461      38.1011
     462      38.4563
     463      38.9797
     464      38.8275
     465      38.1357
     466      38.9683
     467      39.2588
     468      38.3669
     469      38.6343
     470      38.4269
     471      38.4808
     472      38.0632
     473      38.1094
     474      38.6781
     475      38.3176
     476      38.8873
     477      37.8213
     478      38.3866
     479      38.1028
     480      37.6394
     481      38.0990
     482      37.4313
     483      38.2405
     484      38.4965
     485      38.7939
     486      38.0098
     487      38.6065
     488      37.9897
     489      38.3943
     490      38.2173
     491      37.9419
     492      37.7553
     493      37.7205
     494      38.6388
     495      38.6558
     496      38.7770
     497      38.1336
     498      38.5053
     499      38.5827
     500      38.7985
     501      38.7226
     502      38.5430
     503      38.6757
     504      37.8667
     505      38.4138
     506      38.4653
     507      37.5486
     508      38.7622
     509      39.1017
     510      38.8391
     511      38.4512
     512      37.8218
     513      38.1127
     514      38.9597
     515      38.1112
     516      38.3201
     517      38.8977
     518      38.9424
     519      37.7601
     520      37.9367
     521      38.4282
     522      38.0168
     523      38.3290
     524      38.5995
     525      38.1315
     526      38.4685
     527      38.6340
     528      38.5190
     529      39.7823
     530      38.7094
     531      38.8187
     532      39.3414
     533      39.7606
     534      40.2630
     535      39.3868
     536      39.4860
     537      38.4416
     538      39.8813
     539      39.4916
     540      39.5338
     541      38.7642
     542      39.1166
     543      39.0151
     544      39.4548
     545      39.7551
     546      39.2354
     547      39.3728
     548      39.0235
     549      38.9373
     550      39.4861
     551      39.8198
     552      38.9378
     553      38.3554
     554      39.5759
     555      39.0541
     556      39.6162
     557      39.3061
     558      38.6805
     559      39.5920
     560      40.3206
     561      39.4206
     562      40.5550
     563      39.2918
     564      40.0238
     565      39.4249
     566      38.5088
     567      39.3173
     568      39.2313
     569      40.6756
     570      39.8527
     571      40.3224
     572      39.9164
     573      40.0954
     574      39.2321
     575      39.1163
     576      39.4548
     577      38.6614
     578      39.0294
     579      39.3421
     580      38.8034
     581      38.8310
     582      39.1986
     583      39.1335
     584      39.5887
     585      37.9084
     586      38.1441
     587      38.7346
     588      38.3151
     589      38.8223
     590      39.2221
     591      39.2084
     592      39.5214
     593      38.7922
     594      38.4452
     595      38.9769
     596      38.7344
     597      38.3504
     598      38.7444
     599      38.8197
     600      38.8612
     601      38.9445
     602      38.8659
     603      38.3141
     604      38.4004
     605      39.0743
     606      38.8024
     607      39.2323
     608      38.7608
     609      38.0716
     610      37.9817
     611      38.6863
     612      38.3813
     613      38.1505
     614      38.6099
     615      38.9580
     616      38.5709
     617      38.4884
     618      38.9381
     619      38.6935
     620      38.6504
     621      38.7473
     622      38.5116
     623      38.6956
     624      39.4112
     625      38.9900
     626      38.6556
     627      38.8180
     628      39.7590
     629      39.0582
     630      38.6110
     631      38.7119
     632      38.5652
     633      37.4103
     634      38.7048
     635      38.3833
     636      38.4954
     637      38.6957
     638      38.4825
     639      39.0095
     640      38.0314
     641      38.4504
     642      38.9664
     643      39.4525
     644      39.2784
     645      39.0443
     646      38.7027
     647      38.5800
     648      38.7906
     649      39.4499
     650      39.9113
     651      39.0130
     652      39.2449
     653      38.9750
     654      39.2065
     655      39.6531
     656      39.3625
     657      38.7688
     658      38.7916
     659      39.8066
     660      38.9601
     661      38.1973
     662      38.9393
     663      39.5146
     664      40.0360
     665      39.6118
     666      39.4881
     667      39.0749
     668      39.1343
     669      39.3241
     670      39.4446
     671      38.9675
     672      38.8312
     673      40.1839
     674      39.9825
     675      38.8743
     676      39.2063
     677      38.8266
     678      39.6700
     679      39.8735
     680      39.7115
     681      39.3986
     682      39.0118
     683      39.6936
     684      39.5792
     685      39.4542
     686      39.4890
     687      39.0014
     688      38.8200
     689      39.1072
     690      39.3163
     691      38.8572
     692      38.9502
     693      39.5412
     694      39.5580
     695      39.4033
     696      38.9316
     697      38.4812
     698      38.9512
     699      39.4338
     700      38.6276
     701      38.7292
     702      39.0164
     703      40.0980
     704      40.1917
     705      38.8546
     706      38.9259
     707      39.1684
     708      39.0906
     709      39.0039
     710      39.1482
     711      39.2964
     712      39.8885
     713      39.3296
     714      38.6267
     715      39.2861
     716      39.1881
     717      39.8970
     718      39.8514
     719      39.8849
     720      39.1165
     721      40.2346
     722      39.5351
     723      39.2200
     724      39.9042
     725      39.2392
     726      39.1319
     727      38.3547
     728      39.1238
     729      39.7524
     730      38.7705
     731      38.6062
     732      39.3872
     733      39.3903
     734      39.3318
     735      39.0284
     736      40.2383
     737      39.0317
     738      39.1968
     739      39.4102
     740      38.8643
     741      39.5191
     742      39.6089
     743      39.3084
     744      39.4277
     745      40.4867
     746      40.0954
     747      38.5838
     748      39.0838
     749      39.2520
     750      38.9397
     751      39.1076
     752      39.7766
     753      39.4445
     754      38.6911
     755      39.5093
     756      38.8342
     757      38.6579
     758      38.3518
     759      39.0734
     760      38.0746
     761      37.9600
     762      39.1989
     763      39.2230
     764      39.3180
     765      39.3035
     766      39.4816
     767      38.6246
     768      38.8933
     769      39.7375
     770      38.9111
     771      39.8411
     772      39.2593
     773      38.6265
     774      39.5939
     775      38.4503
     776      37.8890
     777      39.7234
     778      38.1571
     779      38.9745
     780      38.3149
     781      38.9861
     782      38.7527
     783      39.2000
     784      38.1151
     785      38.6495
     786      39.2204
     787      38.6718
     788      38.3335
     789      38.2634
     790      38.3511
     791      38.6815
     792      38.6909
     793      38.1333
     794      38.7952
     795      38.7511
     796      39.2181
     797      38.9199
     798      38.6688
     799      38.1796
     800      38.2477
     801      38.2919
     802      38.7158
     803      38.0404
     804      38.1581
     805      39.1129
     806      38.1644
     807      38.2533
     808      38.9530
     809      38.7142
     810      39.4919
     811      38.9947
     812      38.9901
     813      38.7264
     814      38.9326
     815      38.9218
     816      38.8455
     817      38.7694
     818      38.5140
     819      39.6638
     820      38.8970
     821      39.0969
     822      39.2131
     823      38.2951
     824      38.4808
     825      38.0627
     826      38.1161
     827      39.0836
     828      39.1551
     829      38.3722
     830      38.8246
     831      38.6988
     832      38.9599
     833      39.0092
     834      39.4343
     835      39.6932
     836      39.4510
     837      38.8571
     838      39.1137
     839      39.4909
     840      38.4235
     841      38.8657
     842      39.1088
     843      38.4582
     844      38.6286
     845      38.2821
     846      38.3927
     847      38.5585
     848      38.0837
     849      38.0828
     850      38.9678
     851      38.6236
     852      38.7030
     853      37.6867
     854      38.1747
     855      38.3687
     856      38.6086
     857      38.1516
     858      38.5215
     859      38.5445
     860      38.4326
     861      38.0661
     862      37.0515
     863      38.6732
     864      38.6853
     865      38.1972
     866      38.0845
     867      37.7848
     868      37.7367
     869      38.3102
     870      38.2765
     871      38.1458
     872      37.9231
     873      37.8121
     874      39.0639
     875      38.2399
     876      38.0527
     877      38.0615
     878      37.9544
     879      38.4213
     880      37.8966
     881      38.1696
     882      39.4313
     883      38.7265
     884      38.5005
     885      39.2521
     886      38.7875
     887      39.7197
     888      39.2296
     889      39.4628
     890      38.9776
     891      39.1570
     892      38.3486
     893      39.2091
     894      39.6599
     895      39.5448
     896      38.9970
     897      38.9394
     898      38.3281
     899      38.6837
     900      38.7628
     901      39.3975
     902      38.8833
     903      39.3212
     904      38.7630
     905      38.6035
     906      38.5495
     907      38.5286
     908      39.9901
     909      39.2561
     910      39.6186
     911      39.2930
     912      40.2719
     913      38.7997
     914      39.0857
     915      39.4140
     916      39.4326
     917      38.7213
     918      38.4522
     919      38.8691
     920      38.4876
     921      38.8249
     922      38.9971
     923      39.4949
     924      38.4901
     925      39.7034
     926      39.5176
     927      39.6125
     928      38.5875
     929      38.5771
     930      39.2513
     931      39.6923
     932      40.1021
     933      38.6493
     934      39.6827
     935      39.7862
     936      38.9443
     937      39.1819
     938      39.5903
     939      38.6700
     940      38.7529
     941      39.7463
     942      38.8909
     943      39.2993
     944      39.2913
     945      39.2334
     946      38.3420
     947      39.3779
     948      38.7791
     949      38.8404
     950      38.4806
     951      38.8633
     952      39.6058
     953      39.0254
     954      38.7200
     955      38.9572
     956      38.7888
     957      38.1686
     958      38.2080
     959      38.4391
     960      38.5832
     961      38.8862
     962      39.2201
     963      38.9342
     964      39.2938
     965      38.9814
     966      38.9894
     967      39.2087
     968      38.2757
     969      39.2997
     970      38.9817
     971      38.9938
     972      39.0033
     973      39.0008
     974      38.6505
     975      39.3193
     976      38.2114
     977      38.8720
     978      37.8824
     979      39.1289
     980      39.1683
     981      39.1822
     982      38.5030
     983      39.1264
     984      38.0214
     985      39.0493
     986      39.4066
     987      39.5721
     988      39.4343
     989      39.0899
     990      39.2133
     991      39.3934
     992      39.4629
     993      39.3078
     994      38.7378
     995      39.4035
     996      39.0545
     997      38.7208
     998      38.3223
     999      38.3630
    1000      38.1199
