#Res          rmsf_ca
   1.000      13.9594
   2.000      13.2508
   3.000      12.9984
   4.000      12.0755
   5.000      11.5603
   6.000      12.2203
   7.000      10.9148
   8.000      11.1476
   9.000      10.6778
  10.000      11.4003
  11.000      13.6928
  12.000      16.5234
  13.000      18.7558
  14.000      20.5979
  15.000      21.7049
  16.000      19.4048
  17.000      17.8059
  18.000      15.0548
  19.000      12.8110
  20.000      11.2636
  21.000       9.6044
  22.000       7.5813
  23.000       6.6302
  24.000       6.1678
  25.000       6.0916
  26.000       5.7005
  27.000       5.2519
  28.000       5.6089
  29.000       5.7969
  30.000       5.3218
  31.000       5.2041
  32.000       5.7136
  33.000       5.7291
  34.000       5.5735
  35.000       6.0142
  36.000       6.4463
  37.000       6.3523
  38.000       6.4643
  39.000       6.8928
  40.000       6.5113
  41.000       6.2735
  42.000       6.5845
  43.000       6.5078
  44.000       6.0893
  45.000       5.4058
  46.000       4.9542
  47.000       4.5925
  48.000       4.0742
  49.000       3.9551
  50.000       3.6859
  51.000       3.5426
  52.000       3.0751
  53.000       3.5095
  54.000       3.7142
  55.000       3.2796
  56.000       3.0444
  57.000       2.6679
  58.000       2.4400
  59.000       2.4774
  60.000       2.2491
  61.000       2.3932
  62.000       2.1088
  63.000       1.9363
  64.000       2.0357
  65.000       1.9322
  66.000       2.2815
  67.000       2.3136
  68.000       2.6486
  69.000       2.7044
  70.000       3.1319
  71.000       3.4424
  72.000       3.5081
  73.000       3.5747
  74.000       3.7709
  75.000       3.7673
  76.000       3.1504
  77.000       3.1213
  78.000       2.5916
  79.000       2.1907
  80.000       2.0939
  81.000       1.8936
  82.000       1.7382
  83.000       1.8559
  84.000       1.6200
  85.000       1.7919
  86.000       1.7778
  87.000       2.1609
  88.000       2.3288
  89.000       2.2340
  90.000       1.8823
  91.000       1.5696
  92.000       1.2163
  93.000       1.2761
  94.000       1.2657
  95.000       1.0424
  96.000       0.9494
  97.000       1.0464
  98.000       1.3609
  99.000       1.2375
 100.000       0.9111
 101.000       0.7242
 102.000       1.0476
 103.000       1.2014
 104.000       1.5948
 105.000       1.7614
 106.000       2.1320
 107.000       2.3040
 108.000       2.3152
 109.000       2.1382
 110.000       1.8061
 111.000       1.8426
 112.000       1.4913
 113.000       1.6651
 114.000       1.5603
 115.000       1.9971
 116.000       2.4074
 117.000       2.9687
 118.000       3.0009
 119.000       3.1770
 120.000       2.9522
 121.000       2.8979
 122.000       2.3115
 123.000       2.2473
 124.000       2.2342
 125.000       2.2568
 126.000       1.9748
 127.000       2.2549
 128.000       2.3344
 129.000       2.3082
 130.000       2.0091
 131.000       1.6350
 132.000       1.2686
 133.000       1.0184
 134.000       0.8024
 135.000       1.0342
 136.000       1.1282
 137.000       1.2516
 138.000       1.1407
 139.000       1.1594
 140.000       0.9570
 141.000       1.1015
 142.000       1.1896
 143.000       1.6292
 144.000       1.8482
 145.000       2.3265
 146.000       2.7669
 147.000       2.7204
 148.000       2.2398
 149.000       1.9078
 150.000       1.8689
 151.000       1.6094
 152.000       1.6053
 153.000       1.2475
 154.000       1.4471
 155.000       1.4071
 156.000       1.6279
 157.000       2.0297
 158.000       2.4752
 159.000       2.5446
 160.000       2.0264
 161.000       2.0463
 162.000       1.7605
 163.000       1.9408
 164.000       1.8173
 165.000       1.3608
 166.000       1.4937
 167.000       1.7205
 168.000       1.9238
 169.000       1.5302
 170.000       1.5869
 171.000       1.7832
 172.000       2.0824
 173.000       2.4538
 174.000       2.6608
 175.000       2.4648
 176.000       2.6907
 177.000       2.6885
 178.000       3.1472
 179.000       2.9021
 180.000       2.6253
 181.000       3.2683
 182.000       3.5821
 183.000       3.5307
 184.000       3.9507
 185.000       4.4886
 186.000       4.6903
 187.000       4.6450
 188.000       3.8868
 189.000       4.4712
 190.000       4.5072
 191.000       3.4824
 192.000       3.6144
 193.000       2.7230
 194.000       1.6260
 195.000       1.1638
 196.000       1.3840
 197.000       0.7155
 198.000       1.1407
 199.000       1.8086
 200.000       1.4718
 201.000       1.5645
 202.000       1.9033
 203.000       2.1920
 204.000       2.3755
 205.000       2.7418
 206.000       2.7734
 207.000       2.9426
 208.000       3.4978
 209.000       3.6854
 210.000       3.3333
 211.000       3.9756
 212.000       4.0839
 213.000       3.5161
 214.000       3.7833
 215.000       4.6528
 216.000       5.0233
 217.000       5.1766
 218.000       5.4881
 219.000       3.9849
 220.000       4.0382
 221.000       4.0926
 222.000       2.7241
 223.000       2.9756
 224.000       2.5936
 225.000       2.2192
 226.000       1.6197
 227.000       1.7438
 228.000       2.0647
 229.000       2.4339
 230.000       2.4884
 231.000       2.9437
 232.000       3.2931
 233.000       3.4108
 234.000       3.8163
 235.000       3.6967
 236.000       3.9406
 237.000       4.3776
 238.000       4.7048
 239.000       5.1489
 240.000       4.8076
 241.000       4.2878
 242.000       3.9523
 243.000       3.4922
 244.000       3.0726
 245.000       2.8418
 246.000       2.4534
 247.000       2.3777
 248.000       2.3667
 249.000       2.8874
 250.000       2.9162
 251.000       2.2357
 252.000       2.3268
 253.000       1.8419
 254.000       1.6933
 255.000       1.9911
 256.000       2.0052
 257.000       1.9055
 258.000       2.2680
 259.000       2.3679
 260.000       2.7019
 261.000       2.8164
 262.000       3.3093
 263.000       3.6557
 264.000       4.1238
 265.000       4.5481
 266.000       4.9209
 267.000       5.3236
 268.000       4.9426
 269.000       4.7330
 270.000       4.3791
 271.000       4.7527
 272.000       4.8436
 273.000       4.4845
 274.000       4.3739
 275.000       3.8784
 276.000       3.8511
 277.000       3.5047
 278.000       3.6439
 279.000       3.2200
 280.000       3.0396
 281.000       2.7825
 282.000       2.8442
 283.000       2.7783
 284.000       3.1347
 285.000       2.9470
 286.000       3.4385
 287.000       3.9750
 288.000       4.2971
 289.000       4.4128
 290.000       4.7738
 291.000       4.6676
 292.000       5.0558
 293.000       4.9244
 294.000       5.4220
 295.000       5.3573
 296.000       6.1758
 297.000       6.8421
 298.000       6.5895
 299.000       6.1199
 300.000       5.8080
 301.000       5.5074
 302.000       5.2805
 303.000       4.8203
 304.000       4.6979
 305.000       4.1842
 306.000       3.9869
 307.000       3.4916
 308.000       3.1512
 309.000       3.3734
 310.000       3.1182
 311.000       3.4762
 312.000       3.5012
 313.000       3.8630
 314.000       4.1377
 315.000       4.1624
 316.000       4.5521
 317.000       4.7265
 318.000       4.8980
 319.000       4.5849
 320.000       4.7545
 321.000       4.4888
 322.000       4.7235
 323.000       4.6326
 324.000       5.0680
 325.000       4.9371
 326.000       5.0629
 327.000       4.5700
 328.000       4.2118
 329.000       3.9038
 330.000       3.3860
 331.000       3.0863
 332.000       2.6544
 333.000       2.6713
 334.000       2.3187
 335.000       2.4452
 336.000       2.2336
 337.000       2.4298
 338.000       2.4670
 339.000       2.7954
 340.000       2.9548
 341.000       3.3882
 342.000       3.7139
 343.000       4.2076
 344.000       4.5878
 345.000       5.1095
 346.000       5.2878
 347.000       5.1591
 348.000       5.4126
 349.000       5.8789
 350.000       5.9620
 351.000       6.0651
 352.000       6.5985
 353.000       7.3394
 354.000       7.4385
 355.000       8.1271
 356.000       7.7793
 357.000       7.2147
 358.000       7.7931
 359.000       8.2874
 360.000       7.8690
 361.000       7.4328
 362.000       7.9027
 363.000       7.5258
 364.000       8.0131
 365.000       8.0388
 366.000       7.9958
 367.000       7.2895
 368.000       6.9944
 369.000       7.2752
 370.000       6.8819
 371.000       6.3524
 372.000       6.1429
 373.000       5.9052
 374.000       5.6207
 375.000       4.8862
 376.000       4.7080
 377.000       4.2956
 378.000       4.4514
 379.000       5.0056
 380.000       5.3367
 381.000       5.7986
 382.000       6.5462
