#Residue     Extended       Bridge         3-10        Alpha           Pi         Turn         Bend
       1       0.0000       0.0000       0.0000       0.0000       0.0000       0.0000       0.0000
       2       0.0000       0.0120       0.0005       0.0000       0.0000       0.0057       0.0000
       3       0.0000       0.0000       0.0005       0.0000       0.0000       0.0283       0.5013
       4       0.1938       0.0009       0.0825       0.0000       0.0000       0.0224       0.2867
       5       0.1938       0.0062       0.0820       0.0000       0.0000       0.0630       0.1758
       6       0.0738       0.0000       0.0820       0.0000       0.0000       0.0585       0.6698
       7       0.0739       0.0005       0.0000       0.0000       0.0000       0.0037       0.7091
       8       0.0359       0.4159       0.0000       0.0000       0.0000       0.0036       0.0647
       9       0.0367       0.0005       0.0000       0.0000       0.0000       0.0000       0.0849
      10       0.0338       0.0001       0.0000       0.0000       0.0000       0.0005       0.4326
      11       0.0608       0.0296       0.0000       0.0000       0.0000       0.0002       0.4062
      12       0.0650       0.0411       0.0014       0.0000       0.0000       0.0811       0.2358
      13       0.0108       0.1165       0.0027       0.0000       0.0000       0.1517       0.2992
      14       0.0005       0.0004       0.4293       0.0000       0.0000       0.1633       0.2913
      15       0.0158       0.0072       0.4279       0.0000       0.0000       0.1934       0.2376
      16       0.0158       0.0121       0.4266       0.0000       0.0000       0.1504       0.1764
      17       0.0222       0.1311       0.0000       0.0000       0.0000       0.0035       0.0364
      18       0.0493       0.0248       0.0000       0.0000       0.0000       0.0023       0.0240
      19       0.0349       0.0048       0.0000       0.0000       0.0000       0.0003       0.0077
      20       0.0326       0.0001       0.0000       0.0000       0.0000       0.0004       0.1014
      21       0.0309       0.0001       0.0000       0.0000       0.0000       0.0001       0.6267
      22       0.2298       0.2219       0.0000       0.0000       0.0000       0.0001       0.0676
      23       0.2009       0.0005       0.0000       0.0000       0.0000       0.0000       0.0495
      24       0.1938       0.0001       0.0000       0.0000       0.0000       0.0000       0.0000
      25       0.0000       0.0000       0.0017       0.6512       0.0000       0.0627       0.2796
      26       0.0000       0.0000       0.0020       0.9813       0.0000       0.0165       0.0001
      27       0.0000       0.0000       0.0022       0.9825       0.0000       0.0153       0.0000
      28       0.0000       0.0000       0.0102       0.9825       0.0000       0.0074       0.0000
      29       0.0000       0.0000       0.0100       0.9272       0.0000       0.0622       0.0005
      30       0.0000       0.0000       0.0099       0.4538       0.0000       0.4842       0.0521
      31       0.0000       0.0000       0.0000       0.0000       0.0000       0.0000       0.6233
      32       0.0000       0.0000       0.0376       0.8703       0.0000       0.0310       0.0224
      33       0.0000       0.0000       0.0379       0.8703       0.0000       0.0914       0.0004
      34       0.0000       0.0000       0.0379       0.8703       0.0000       0.0913       0.0005
      35       0.0000       0.0000       0.0004       0.8703       0.0000       0.1083       0.0211
      36       0.0000       0.0000       0.0000       0.0000       0.0000       0.0000       1.0000
      37       0.0000       0.0000       0.0000       0.0000       0.0000       0.0000       0.0000
      38       0.0000       0.0007       0.0000       0.0000       0.0000       0.0000       0.0000
      39       0.0000       0.0000       0.0000       0.0000       0.0000       0.9653       0.0347
      40       0.0000       0.0000       0.0000       0.0000       0.0000       0.9653       0.0346
      41       0.0006       0.0002       0.0000       0.0000       0.0000       0.0000       0.0020
      42       0.0101       0.8572       0.0000       0.0000       0.0000       0.0000       0.0002
      43       0.0095       0.0031       0.0000       0.0000       0.0000       0.0001       0.9873
      44       0.0000       0.0000       0.0000       0.0000       0.0000       0.0001       0.0070
      45       0.0000       0.0000       0.0000       0.0000       0.0000       0.0000       0.0000
      46       0.0000       0.0000       0.0000       0.0000       0.0000       0.0000       0.0000
      47       0.0000       0.0000       0.0000       0.0000       0.0000       0.0000       0.0000
      48       0.0000       0.0000       0.0000       0.0000       0.0000       0.0000       0.0000
      49       0.8523       0.0002       0.0000       0.0000       0.0000       0.0000       0.0000
      50       0.9995       0.0001       0.0000       0.0000       0.0000       0.0000       0.0000
      51       0.9981       0.0001       0.0000       0.0000       0.0000       0.0000       0.0000
      52       0.0000       0.0000       0.6129       0.0000       0.0000       0.3796       0.0076
      53       0.0000       0.0000       0.6129       0.0000       0.0000       0.3824       0.0047
      54       0.0000       0.0000       0.6129       0.0000       0.0000       0.0253       0.3618
      55       0.0000       0.0000       0.0000       0.0000       0.0000       0.0000       0.7370
      56       0.1993       0.0001       0.0000       0.0000       0.0000       0.0000       0.0012
      57       0.9690       0.0134       0.0000       0.0000       0.0000       0.0000       0.0000
      58       0.9814       0.0009       0.0000       0.0000       0.0000       0.0000       0.0000
      59       0.9740       0.0001       0.0000       0.0000       0.0000       0.0000       0.0000
      60       0.8918       0.0150       0.0000       0.0000       0.0000       0.0000       0.0000
      61       0.0311       0.0058       0.0000       0.0000       0.0000       0.8836       0.0795
      62       0.0001       0.0000       0.0000       0.0000       0.0000       0.9149       0.0850
      63       0.9999       0.0000       0.0000       0.0000       0.0000       0.0000       0.0000
      64       1.0000       0.0000       0.0000       0.0000       0.0000       0.0000       0.0000
      65       0.9998       0.0000       0.0000       0.0000       0.0000       0.0000       0.0000
      66       0.9999       0.0000       0.0000       0.0000       0.0000       0.0000       0.0000
      67       0.9996       0.0000       0.0000       0.0000       0.0000       0.0000       0.0000
      68       0.9969       0.0002       0.0000       0.0000       0.0000       0.0000       0.0000
      69       0.0011       0.0000       0.0000       0.0000       0.0000       0.0000       0.1481
      70       0.0000       0.0000       0.0013       0.0000       0.0000       0.9986       0.0002
      71       0.0000       0.0000       0.0013       0.0000       0.0000       0.9986       0.0001
      72       0.0000       0.0000       0.0013       0.0000       0.0000       0.9986       0.0002
      73       0.0000       0.0000       0.0000       0.0000       0.0000       0.0000       0.2413
      74       0.0000       0.0000       0.0639       0.0000       0.0000       0.9327       0.0030
      75       0.0000       0.0000       0.0639       0.0000       0.0000       0.9331       0.0030
      76       0.0000       0.0000       0.0660       0.0000       0.0000       0.0031       0.0246
      77       0.0000       0.0000       0.0066       0.0000       0.0000       0.5848       0.1446
      78       0.0000       0.0000       0.0059       0.0000       0.0000       0.5821       0.4119
      79       0.0019       0.0003       0.0000       0.0000       0.0000       0.0000       0.0010
      80       0.9427       0.0000       0.0000       0.0000       0.0000       0.0000       0.0000
      81       1.0000       0.0000       0.0000       0.0000       0.0000       0.0000       0.0000
      82       1.0000       0.0000       0.0000       0.0000       0.0000       0.0000       0.0000
      83       0.9999       0.0000       0.0000       0.0000       0.0000       0.0000       0.0000
      84       0.9999       0.0000       0.0000       0.0000       0.0000       0.0000       0.0000
      85       1.0000       0.0000       0.0000       0.0000       0.0000       0.0000       0.0000
      86       1.0000       0.0000       0.0000       0.0000       0.0000       0.0000       0.0000
      87       0.0000       0.0000       0.0000       0.0000       0.0000       0.0000       0.0000
      88       0.0000       0.0005       0.0000       0.0000       0.0000       0.9943       0.0052
      89       0.0000       0.0000       0.0000       0.0000       0.0000       0.9948       0.0052
      90       0.0095       0.0000       0.0000       0.0000       0.0000       0.0000       0.0000
      91       0.9999       0.0001       0.0000       0.0000       0.0000       0.0000       0.0000
      92       0.9999       0.0000       0.0000       0.0000       0.0000       0.0000       0.0000
      93       0.0020       0.0000       0.0000       0.0000       0.0000       0.0000       0.0000
      94       0.0020       0.0000       0.0000       0.0000       0.0000       0.0000       0.2709
      95       0.9788       0.0210       0.0000       0.0000       0.0000       0.0000       0.0000
      96       0.9788       0.0001       0.0000       0.0000       0.0000       0.0000       0.0000
      97       0.0028       0.0001       0.0000       0.0000       0.0000       0.0000       0.0000
      98       0.0000       0.0000       0.0000       0.0000       0.0000       0.0000       1.0000
      99       0.0000       0.0000       0.0000       0.0000       0.0000       0.0000       1.0000
     100       0.0000       0.0000       0.0000       0.0000       0.0000       0.0000       0.0000
     101       1.0000       0.0000       0.0000       0.0000       0.0000       0.0000       0.0000
     102       1.0000       0.0000       0.0000       0.0000       0.0000       0.0000       0.0000
     103       1.0000       0.0000       0.0000       0.0000       0.0000       0.0000       0.0000
     104       1.0000       0.0000       0.0000       0.0000       0.0000       0.0000       0.0000
     105       0.8378       0.0000       0.0000       0.0000       0.0000       0.0000       0.0000
     106       0.8353       0.0000       0.0000       0.0000       0.0000       0.0000       0.0316
     107       0.9984       0.0001       0.0000       0.0000       0.0000       0.0000       0.0016
     108       0.9981       0.0000       0.0000       0.0000       0.0000       0.0000       0.0017
     109       0.9986       0.0000       0.0000       0.0000       0.0000       0.0000       0.0000
     110       1.0000       0.0000       0.0000       0.0000       0.0000       0.0000       0.0000
     111       1.0000       0.0000       0.0000       0.0000       0.0000       0.0000       0.0000
     112       1.0000       0.0000       0.0000       0.0000       0.0000       0.0000       0.0000
     113       0.9999       0.0000       0.0000       0.0000       0.0000       0.0000       0.0000
     114       0.9983       0.0001       0.0000       0.0000       0.0000       0.0000       0.0000
     115       0.0142       0.0000       0.0000       0.0000       0.0000       0.0000       0.0001
     116       0.0011       0.0004       0.0000       0.0000       0.0000       0.0000       0.0000
     117       0.0000       0.0000       0.0000       0.0000       0.0000       0.8042       0.1958
     118       0.0000       0.0000       0.0000       0.0000       0.0000       0.8042       0.1958
     119       0.0000       0.0000       0.0000       0.0000       0.0000       0.1573       0.5321
     120       0.0112       0.0210       0.0000       0.0000       0.0000       0.1509       0.0000
     121       0.0233       0.1724       0.0000       0.0000       0.0000       0.0000       0.0000
     122       0.6466       0.0011       0.0000       0.0000       0.0000       0.0000       0.0000
     123       0.9823       0.0000       0.0000       0.0000       0.0000       0.0000       0.0000
     124       0.9979       0.0000       0.0000       0.0000       0.0000       0.0000       0.0000
     125       0.9977       0.0000       0.0000       0.0000       0.0000       0.0000       0.0000
     126       0.9975       0.0000       0.0000       0.0000       0.0000       0.0000       0.0000
     127       0.7614       0.0017       0.0000       0.0000       0.0000       0.0000       0.0000
     128       0.0000       0.0000       0.0000       0.0000       0.0000       0.9985       0.0015
     129       0.0000       0.0000       0.0000       0.0000       0.0000       0.9985       0.0015
     130       0.2372       0.0000       0.0000       0.0000       0.0000       0.0000       0.0000
     131       1.0000       0.0000       0.0000       0.0000       0.0000       0.0000       0.0000
     132       1.0000       0.0000       0.0000       0.0000       0.0000       0.0000       0.0000
     133       0.9995       0.0000       0.0000       0.0000       0.0000       0.0000       0.0000
     134       0.9995       0.0004       0.0000       0.0000       0.0000       0.0000       0.0000
     135       0.0000       0.0000       0.0000       0.0000       0.0000       0.0000       0.0000
     136       0.0000       0.0000       0.0000       0.0000       0.0000       0.9316       0.0684
     137       0.0000       0.0000       0.0000       0.0000       0.0000       0.9316       0.0684
     138       0.0000       0.0000       0.0000       0.0000       0.0000       0.0000       0.0070
     139       0.0000       0.0000       0.0000       0.0000       0.0000       0.0000       0.0000
     140       1.0000       0.0000       0.0000       0.0000       0.0000       0.0000       0.0000
     141       1.0000       0.0000       0.0000       0.0000       0.0000       0.0000       0.0000
     142       1.0000       0.0000       0.0000       0.0000       0.0000       0.0000       0.0000
     143       1.0000       0.0000       0.0000       0.0000       0.0000       0.0000       0.0000
     144       0.9995       0.0000       0.0000       0.0000       0.0000       0.0000       0.0000
     145       0.3065       0.0000       0.0000       0.0000       0.0000       0.0000       0.0000
     146       0.2351       0.0000       0.0000       0.0000       0.0000       0.7305       0.0344
     147       0.2351       0.0000       0.0000       0.0000       0.0000       0.7305       0.0344
     148       0.3090       0.0000       0.0000       0.0000       0.0000       0.0000       0.0000
     149       1.0000       0.0000       0.0000       0.0000       0.0000       0.0000       0.0000
     150       1.0000       0.0000       0.0000       0.0000       0.0000       0.0000       0.0000
     151       1.0000       0.0000       0.0000       0.0000       0.0000       0.0000       0.0000
     152       1.0000       0.0000       0.0000       0.0000       0.0000       0.0000       0.0000
     153       1.0000       0.0000       0.0000       0.0000       0.0000       0.0000       0.0000
     154       1.0000       0.0000       0.0000       0.0000       0.0000       0.0000       0.0000
     155       0.9851       0.0000       0.0000       0.0000       0.0000       0.0000       0.0000
     156       0.0019       0.0000       0.0000       0.0000       0.0000       0.0000       0.9981
     157       0.0009       0.0003       0.0000       0.0000       0.0000       0.0000       0.3127
     158       0.0000       0.0000       0.0000       0.0000       0.0000       0.9480       0.0520
     159       0.0000       0.0000       0.0000       0.0000       0.0000       0.9480       0.0515
     160       0.0000       0.0000       0.0000       0.0000       0.0000       0.0000       0.0000
     161       0.0000       0.0000       0.0000       0.0000       0.0000       0.0000       0.0000
     162       0.0000       0.0000       0.1308       0.0000       0.0000       0.7707       0.0985
     163       0.0000       0.0000       0.1308       0.0000       0.0000       0.7864       0.0827
     164       0.0000       0.0000       0.1308       0.0000       0.0000       0.0243       0.0621
     165       0.0028       0.0001       0.0000       0.0000       0.0000       0.0000       0.3294
     166       0.8533       0.1256       0.0000       0.0000       0.0000       0.0000       0.0000
     167       0.8530       0.0008       0.0000       0.0000       0.0000       0.0000       0.0000
     168       0.0000       0.0000       0.0459       0.8630       0.0000       0.0789       0.0122
     169       0.0000       0.0000       0.0460       0.9104       0.0000       0.0430       0.0006
     170       0.0000       0.0000       0.0466       0.9111       0.0000       0.0337       0.0086
     171       0.0000       0.0000       0.0552       0.9316       0.0000       0.0075       0.0044
     172       0.0000       0.0000       0.0651       0.8745       0.0000       0.0601       0.0003
     173       0.0000       0.0000       0.0649       0.6549       0.0000       0.2787       0.0015
     174       0.0000       0.0000       0.0252       0.3353       0.0000       0.4788       0.1606
     175       0.0000       0.0000       0.0000       0.0000       0.0000       0.0000       0.9975
     176       0.0000       0.0000       0.0000       0.0000       0.0000       0.0000       0.0000
     177       0.0000       0.0000       0.0000       0.9996       0.0000       0.0003       0.0001
     178       0.0000       0.0000       0.0000       0.9998       0.0000       0.0002       0.0000
     179       0.0000       0.0000       0.0000       1.0000       0.0000       0.0000       0.0000
     180       0.0000       0.0000       0.0000       1.0000       0.0000       0.0000       0.0000
     181       0.0000       0.0000       0.0002       0.9977       0.0000       0.0022       0.0000
     182       0.0000       0.0000       0.0003       0.9892       0.0000       0.0104       0.0000
     183       0.0000       0.0000       0.0003       0.9746       0.0000       0.0230       0.0020
     184       0.0000       0.0000       0.0002       0.7300       0.0000       0.2510       0.0186
     185       0.0000       0.0000       0.0000       0.0000       0.0000       0.8587       0.0229
     186       0.0000       0.0000       0.0000       0.0000       0.0000       0.0000       0.7368
     187       0.0000       0.0000       0.0000       0.0000       0.0000       0.0000       0.0000
     188       0.0000       0.0000       0.4805       0.1976       0.0000       0.3019       0.0200
     189       0.0000       0.0000       0.4814       0.1991       0.0000       0.3164       0.0031
     190       0.0000       0.0000       0.4872       0.1998       0.0000       0.2683       0.0414
     191       0.0000       0.0000       0.0180       0.1998       0.0000       0.0072       0.1330
     192       0.0000       0.0000       0.0098       0.1075       0.0000       0.1009       0.0081
     193       0.0000       0.0000       0.0086       0.0406       0.0000       0.1609       0.2930
     194       0.0000       0.0000       0.0000       0.0000       0.0000       0.0000       0.0659
     195       0.0000       0.0000       0.0000       0.0000       0.0000       0.0000       0.0000
     196       0.0000       0.0000       0.0000       0.0000       0.0000       0.0000       0.8301
     197       0.0000       0.0000       0.0000       0.0000       0.0000       0.0000       0.8971
     198       0.0000       0.0000       0.0000       0.0000       0.0000       0.0000       0.0000
     199       0.0000       0.0000       0.0000       0.0000       0.0000       0.0000       0.0000
     200       0.0000       0.0000       0.0000       0.0000       0.0000       0.0000       0.8051
     201       0.9678       0.0000       0.0000       0.0000       0.0000       0.0000       0.0317
     202       0.9681       0.0318       0.0000       0.0000       0.0000       0.0000       0.0000
     203       0.0095       0.0000       0.0000       0.0000       0.0000       0.0000       0.0000
     204       0.0000       0.0000       0.0000       0.0000       0.0000       0.0000       0.0000
     205       0.0000       0.0000       0.0000       0.0000       0.0000       0.0000       0.0143
     206       0.0000       0.0000       0.0000       0.0000       0.0000       0.0000       0.0010
     207       0.0000       0.0000       0.0000       0.0000       0.0000       0.0000       0.0000
     208       0.0000       0.0000       0.0000       0.0000       0.0000       0.0006       0.0229
     209       0.0000       0.0000       0.0000       0.0000       0.0000       0.0006       0.0032
     210       0.0000       0.0000       0.2030       0.5916       0.0000       0.0670       0.1357
     211       0.0000       0.0000       0.2230       0.5929       0.0000       0.1773       0.0066
     212       0.0000       0.0000       0.2236       0.5929       0.0000       0.1746       0.0089
     213       0.0000       0.0000       0.0370       0.5934       0.0000       0.2701       0.0398
     214       0.0000       0.0000       0.0044       0.0030       0.0000       0.0168       0.2731
     215       0.0000       0.0003       0.0033       0.0009       0.0000       0.2027       0.1430
     216       0.0000       0.0000       0.0033       0.0009       0.0000       0.2018       0.3620
     217       0.0000       0.0061       0.0035       0.0000       0.0000       0.0481       0.3273
     218       0.0000       0.0006       0.0035       0.0000       0.0000       0.1601       0.3194
     219       0.0000       0.0087       0.0035       0.0000       0.0000       0.1531       0.0366
     220       0.0118       0.0252       0.0000       0.0000       0.0000       0.5720       0.1039
     221       0.0118       0.1706       0.0000       0.0000       0.0000       0.5718       0.1152
     222       0.0000       0.0086       0.0000       0.0000       0.0000       0.0000       0.0559
     223       0.0000       0.0000       0.0000       0.0000       0.0000       0.0000       0.8432
     224       0.0000       0.0000       0.0000       0.0000       0.0000       0.0000       0.9993
     225       0.0000       0.0000       0.0000       0.0000       0.0000       0.0000       0.0000
     226       0.0000       0.0000       0.0000       0.0000       0.0000       0.0000       0.9959
     227       0.9963       0.0005       0.0000       0.0000       0.0000       0.0000       0.0001
     228       0.9969       0.0022       0.0000       0.0000       0.0000       0.0000       0.0000
     229       0.2320       0.0001       0.0000       0.0000       0.0000       0.0000       0.0000
     230       0.0000       0.0000       0.3877       0.0000       0.0000       0.5101       0.0949
     231       0.0000       0.0000       0.3877       0.0000       0.0000       0.5722       0.0401
     232       0.0000       0.0000       0.3877       0.0000       0.0000       0.4076       0.2034
     233       0.0000       0.0000       0.0000       0.0000       0.0000       0.0000       0.9991
     234       0.0000       0.0000       0.0000       0.0000       0.0000       0.0000       0.0000
     235       0.0009       0.0000       0.0000       0.0000       0.0000       0.0000       0.0000
     236       0.6596       0.2903       0.0000       0.0000       0.0000       0.0000       0.0000
     237       0.6592       0.0000       0.0000       0.0000       0.0000       0.0000       0.0038
     238       0.5799       0.0177       0.0000       0.0000       0.0000       0.0000       0.0000
     239       0.0014       0.0098       0.0000       0.0000       0.0000       0.8481       0.1407
     240       0.0100       0.0001       0.0000       0.0000       0.0000       0.8427       0.1472
     241       0.7836       0.0026       0.0000       0.0000       0.0000       0.0000       0.0057
     242       0.7991       0.0000       0.0000       0.0000       0.0000       0.0000       0.0000
     243       0.9999       0.0001       0.0000       0.0000       0.0000       0.0000       0.0000
     244       0.9996       0.0000       0.0000       0.0000       0.0000       0.0000       0.0000
     245       0.9982       0.0000       0.0000       0.0000       0.0000       0.0000       0.0000
     246       0.9731       0.0003       0.0000       0.0000       0.0000       0.0000       0.0000
     247       0.0069       0.0000       0.0000       0.0000       0.0000       0.0000       0.7211
     248       0.0000       0.0000       0.0004       0.0000       0.0000       0.9995       0.0001
     249       0.0000       0.0000       0.0004       0.0000       0.0000       0.9995       0.0001
     250       0.0000       0.0000       0.0004       0.0000       0.0000       0.9991       0.0005
     251       0.0000       0.0000       0.0000       0.0000       0.0000       0.0006       0.9132
     252       0.0000       0.0000       0.0117       0.0000       0.0000       0.9827       0.0044
     253       0.0000       0.0000       0.0117       0.0000       0.0000       0.9830       0.0053
     254       0.0000       0.0000       0.0119       0.0000       0.0000       0.0004       0.0343
     255       0.0000       0.0000       0.0005       0.0000       0.0000       0.8407       0.1361
     256       0.0000       0.0000       0.0005       0.0000       0.0000       0.8405       0.1590
     257       0.0907       0.0000       0.0000       0.0000       0.0000       0.0000       0.0003
     258       0.9995       0.0000       0.0000       0.0000       0.0000       0.0000       0.0000
     259       0.9998       0.0000       0.0000       0.0000       0.0000       0.0000       0.0000
     260       1.0000       0.0000       0.0000       0.0000       0.0000       0.0000       0.0000
     261       1.0000       0.0000       0.0000       0.0000       0.0000       0.0000       0.0000
     262       1.0000       0.0000       0.0000       0.0000       0.0000       0.0000       0.0000
     263       0.9999       0.0000       0.0000       0.0000       0.0000       0.0000       0.0000
     264       0.9998       0.0000       0.0000       0.0000       0.0000       0.0000       0.0000
     265       0.0000       0.0000       0.0000       0.0000       0.0000       0.0000       0.0000
     266       0.0000       0.0003       0.0000       0.0000       0.0000       0.9032       0.0965
     267       0.0000       0.0000       0.0000       0.0000       0.0000       0.9035       0.0965
     268       0.7655       0.0000       0.0000       0.0000       0.0000       0.0000       0.0000
     269       0.9983       0.0017       0.0000       0.0000       0.0000       0.0000       0.0000
     270       0.9930       0.0000       0.0000       0.0000       0.0000       0.0000       0.0000
     271       0.0342       0.0000       0.0000       0.0000       0.0000       0.0000       0.0000
     272       0.0343       0.0000       0.0000       0.0000       0.0000       0.0000       0.0076
     273       0.9253       0.0520       0.0000       0.0000       0.0000       0.0000       0.0000
     274       0.9253       0.0218       0.0000       0.0000       0.0000       0.0000       0.0000
     275       0.0278       0.0000       0.0000       0.0000       0.0000       0.0000       0.0000
     276       0.0000       0.0000       0.0000       0.0000       0.0000       0.0014       0.1841
     277       0.0000       0.0000       0.0000       0.0000       0.0000       0.0014       0.9973
     278       0.0000       0.0000       0.0000       0.0000       0.0000       0.0000       0.9685
     279       0.0819       0.0010       0.0000       0.0000       0.0000       0.0000       0.0096
     280       0.7652       0.0000       0.0000       0.0000       0.0000       0.0000       0.0000
     281       0.9991       0.0000       0.0000       0.0000       0.0000       0.0000       0.0000
     282       1.0000       0.0000       0.0000       0.0000       0.0000       0.0000       0.0000
     283       1.0000       0.0000       0.0000       0.0000       0.0000       0.0000       0.0000
     284       0.9543       0.0000       0.0000       0.0000       0.0000       0.0000       0.0000
     285       0.9095       0.0000       0.0000       0.0000       0.0000       0.0000       0.0061
     286       0.9095       0.0882       0.0000       0.0000       0.0000       0.0000       0.0023
     287       0.0001       0.0000       0.0000       0.0000       0.0000       0.0000       0.9618
     288       0.8879       0.0001       0.0000       0.0000       0.0000       0.0000       0.0000
     289       0.9998       0.0000       0.0000       0.0000       0.0000       0.0000       0.0000
     290       1.0000       0.0000       0.0000       0.0000       0.0000       0.0000       0.0000
     291       0.9997       0.0000       0.0000       0.0000       0.0000       0.0000       0.0000
     292       0.9988       0.0000       0.0000       0.0000       0.0000       0.0000       0.0000
     293       0.9979       0.0000       0.0000       0.0000       0.0000       0.0000       0.0000
     294       0.9915       0.0007       0.0000       0.0000       0.0000       0.0000       0.0000
     295       0.3318       0.0005       0.0001       0.0000       0.0000       0.0000       0.0461
     296       0.0647       0.0056       0.2815       0.0000       0.0000       0.3453       0.3006
     297       0.0000       0.0000       0.2815       0.0000       0.0000       0.6961       0.0224
     298       0.0050       0.0023       0.2814       0.0000       0.0000       0.5575       0.1537
     299       0.3265       0.0005       0.0000       0.0000       0.0000       0.0000       0.0332
     300       0.9895       0.0041       0.0000       0.0000       0.0000       0.0000       0.0000
     301       0.9932       0.0000       0.0000       0.0000       0.0000       0.0000       0.0000
     302       0.9954       0.0000       0.0000       0.0000       0.0000       0.0000       0.0000
     303       0.9995       0.0000       0.0000       0.0000       0.0000       0.0000       0.0000
     304       0.9964       0.0000       0.0000       0.0000       0.0000       0.0000       0.0000
     305       0.9951       0.0000       0.0000       0.0000       0.0000       0.0000       0.0000
     306       0.8850       0.0028       0.0000       0.0000       0.0000       0.0000       0.0000
     307       0.0000       0.0000       0.0000       0.0000       0.0000       0.9942       0.0058
     308       0.0000       0.0000       0.0000       0.0000       0.0000       0.9942       0.0058
     309       0.9987       0.0000       0.0000       0.0000       0.0000       0.0000       0.0000
     310       1.0000       0.0000       0.0000       0.0000       0.0000       0.0000       0.0000
     311       0.9995       0.0000       0.0000       0.0000       0.0000       0.0000       0.0000
     312       0.9824       0.0001       0.0000       0.0000       0.0000       0.0000       0.0000
     313       0.7638       0.0004       0.0000       0.0000       0.0000       0.0000       0.0000
     314       0.0819       0.0010       0.0000       0.0000       0.0000       0.0000       0.0000
     315       0.0000       0.0000       0.0000       0.0000       0.0000       0.4747       0.5251
     316       0.0004       0.0187       0.0000       0.0000       0.0000       0.4715       0.5095
     317       0.0258       0.0034       0.0000       0.0000       0.0000       0.0000       0.4574
     318       0.7351       0.0587       0.0000       0.0000       0.0000       0.0000       0.0000
     319       0.8123       0.0276       0.0000       0.0000       0.0000       0.0000       0.0000
     320       0.8498       0.0001       0.0000       0.0000       0.0000       0.0000       0.0000
     321       0.9861       0.0000       0.0000       0.0000       0.0000       0.0000       0.0000
     322       0.9998       0.0002       0.0000       0.0000       0.0000       0.0000       0.0000
     323       0.9873       0.0000       0.0000       0.0000       0.0000       0.0000       0.0000
     324       0.0007       0.0000       0.0000       0.0000       0.0000       0.0000       0.0000
     325       0.0000       0.0000       0.0000       0.0000       0.0000       0.0005       0.9982
     326       0.0000       0.0000       0.0000       0.0000       0.0000       0.0005       0.9995
     327       0.0000       0.0000       0.0000       0.0000       0.0000       0.0000       1.0000
     328       0.0000       0.0000       0.0000       0.0000       0.0000       0.0000       0.0000
     329       0.9993       0.0000       0.0000       0.0000       0.0000       0.0000       0.0000
     330       1.0000       0.0000       0.0000       0.0000       0.0000       0.0000       0.0000
     331       1.0000       0.0000       0.0000       0.0000       0.0000       0.0000       0.0000
     332       1.0000       0.0000       0.0000       0.0000       0.0000       0.0000       0.0000
     333       1.0000       0.0000       0.0000       0.0000       0.0000       0.0000       0.0000
     334       1.0000       0.0000       0.0000       0.0000       0.0000       0.0000       0.0000
     335       0.9996       0.0000       0.0000       0.0000       0.0000       0.0000       0.0000
     336       0.0907       0.0000       0.0000       0.0000       0.0000       0.0000       0.6973
     337       0.0002       0.0000       0.0000       0.0000       0.0000       0.0000       0.8234
     338       0.0000       0.0000       0.0000       0.0000       0.0000       0.0000       1.0000
     339       0.0000       0.0000       0.0000       0.0000       0.0000       0.0000       0.9996
     340       0.0000       0.0000       0.0000       0.0000       0.0000       0.0000       0.0000
     341       0.0000       0.0000       0.0000       0.0000       0.0000       0.0000       0.0000
     342       0.0000       0.0000       0.0000       0.0000       0.0000       0.0000       0.0000
     343       0.9249       0.0218       0.0000       0.0000       0.0000       0.0000       0.0000
     344       0.9249       0.0523       0.0000       0.0000       0.0000       0.0000       0.0000
     345       0.0000       0.0000       0.0000       0.9438       0.0000       0.0022       0.0539
     346       0.0000       0.0000       0.0000       0.9973       0.0000       0.0024       0.0002
     347       0.0000       0.0000       0.0001       0.9989       0.0000       0.0009       0.0000
     348       0.0000       0.0000       0.0001       0.9996       0.0000       0.0003       0.0000
     349       0.0000       0.0000       0.0015       0.9930       0.0000       0.0055       0.0000
     350       0.0000       0.0000       0.0015       0.8877       0.0000       0.1103       0.0005
     351       0.0000       0.0000       0.0014       0.7599       0.0000       0.2107       0.0280
     352       0.0000       0.0000       0.0000       0.0000       0.0000       0.0000       1.0000
     353       0.0000       0.0000       0.0000       0.0000       0.0000       0.0000       0.0000
     354       0.0000       0.0000       0.0000       0.9980       0.0000       0.0019       0.0001
     355       0.0000       0.0000       0.0000       0.9987       0.0000       0.0013       0.0000
     356       0.0000       0.0000       0.0000       0.9999       0.0000       0.0001       0.0000
     357       0.0000       0.0000       0.0000       0.9999       0.0000       0.0001       0.0000
     358       0.0000       0.0000       0.0000       0.9978       0.0000       0.0022       0.0000
     359       0.0000       0.0000       0.0000       0.9905       0.0000       0.0095       0.0000
     360       0.0000       0.0000       0.0000       0.9096       0.0000       0.0901       0.0004
     361       0.0000       0.0000       0.0000       0.3641       0.0000       0.5778       0.0581
     362       0.0000       0.0000       0.0000       0.0000       0.0000       0.3748       0.0077
     363       0.0000       0.0000       0.0000       0.0000       0.0000       0.0000       0.0034
     364       0.0000       0.0000       0.0000       0.0000       0.0000       0.0000       0.0035
     365       0.0000       0.0000       0.0376       0.8594       0.0000       0.0660       0.0370
     366       0.0000       0.0000       0.0393       0.9197       0.0000       0.0404       0.0005
     367       0.0000       0.0000       0.0467       0.9301       0.0000       0.0229       0.0002
     368       0.0000       0.0000       0.0132       0.9301       0.0000       0.0559       0.0006
     369       0.0000       0.0000       0.0116       0.5498       0.0000       0.4137       0.0247
     370       0.0000       0.0000       0.0042       0.1497       0.0000       0.7054       0.1381
     371       0.0000       0.0000       0.0000       0.0000       0.0000       0.0000       0.2147
     372       0.0000       0.0000       0.0000       0.0000       0.0000       0.0000       0.0000
     373       0.0000       0.0000       0.0000       0.0000       0.0000       0.0000       0.6019
     374       0.0000       0.0000       0.0000       0.0000       0.0000       0.0000       0.8888
     375       0.0000       0.0000       0.0000       0.0000       0.0000       0.0000       0.0077
     376       0.0000       0.0000       0.0000       0.0000       0.0000       0.0000       0.0114
     377       0.0000       0.0000       0.0000       0.0000       0.0000       0.0000       0.3288
     378       0.9810       0.0002       0.0000       0.0000       0.0000       0.0000       0.0114
     379       0.9936       0.0057       0.0000       0.0000       0.0000       0.0000       0.0000
     380       0.7644       0.0004       0.0000       0.0000       0.0000       0.0000       0.0017
     381       0.0000       0.0000       0.0000       0.0000       0.0000       0.0000       0.0000
     382       0.0000       0.0000       0.0000       0.0000       0.0000       0.0000       0.0000
