Resp charges for organic molecule
 
 &cntrl
 
 nmol = 1,
 ihfree = 1,
 ioutopt = 1,
 iqopt = 2,
 qwt = 0.00100,
 
 &end
    1.0
Resp charges for organic molecule
    0  126
    1    0
    6    0
    1    1
    1    1
    6  -99
    8  -99
    7  -99
    1  -99
    6  -99
    1  -99
    6    0
    1    0
    1   12
    6  -99
    7  -99
    1  -99
    6  -99
    1  -99
    7  -99
    6  -99
    1  -99
    6  -99
    8  -99
    7  -99
    1  -99
    6    0
    1    0
    1   27
    6  -99
    8  -99
    7  -99
    1  -99
    6  -99
    1  -99
    6    0
    1    0
    1   36
    6  -99
    7  -99
    1  -99
    6  -99
    1  -99
    7  -99
    6  -99
    1  -99
    6  -99
    8  -99
    7  -99
    1  -99
    6    0
    1    0
    1   51
    6  -99
    8  -99
    7  -99
    1  -99
    6    0
    1    0
    1   58
    6  -99
    8  -99
    7  -99
    1  -99
    6    0
    1    0
    1   65
    6  -99
    8  -99
    7  -99
    1  -99
    6  -99
    1  -99
    6    0
    1    0
    1   74
    6    0
    1    0
    1   77
    6  -99
    8  -99
    8  -99
    6  -99
    8  -99
    7  -99
    1  -99
    6    0
    1    0
    1   87
    1   87
    1    0
    1   90
    6    0
    1   90
    6  -99
    8  -99
    7  -99
    1  -99
    6  -99
    1  -99
    6    0
    1    0
    1  101
    6  -99
    7  -99
    1  -99
    6  -99
    1  -99
    7  -99
    6  -99
    1  -99
    6  -99
    8  -99
    7  -99
    1  -99
    6    0
    1    0
    1  116
    1  116
   25  -99
    6  -99
    6  -99
    8  -99
    8  -99
    8  -99
    8  -99
    1  -99
    6   0.00000
    1    1    1    2    1    3    1    4    1    5    1    6 
    7   0.00000
    1   24    1   25    1   26    1   27    1   28    1   29    1   30 
    7   0.00000
    1   48    1   49    1   50    1   51    1   52    1   53    1   54 
    7   0.00000
    1   55    1   56    1   57    1   58    1   59    1   60    1   61 
    7   0.00000
    1   62    1   63    1   64    1   65    1   66    1   67    1   68 
    6   0.00000
    1   84    1   85    1   86    1   87    1   88    1   89 
    6   0.00000
    1   90    1   91    1   92    1   93    1   94    1   95 
    6   0.00000
    1  113    1  114    1  115    1  116    1  117    1  118 
    1  -0.41570
    1    7
    1   0.01880
    1    9
    1   0.59730
    1   22
    1  -0.56790
    1   23
    1  -0.41570
    1   31
    1   0.01880
    1   33
    1   0.59730
    1   46
    1  -0.56790
    1   47
    1  -0.51630
    1   69
    1   0.03970
    1   71
    1   0.53660
    1   82
    1  -0.58190
    1   83
    1  -0.41570
    1   96
    1   0.01880
    1   98
    1   0.59730
    1  111
    1  -0.56790
    1  112




