#Res        AtomicFlx
   1.000       0.2150
   2.000       0.1713
   3.000       0.1897
   4.000       0.1720
   5.000       0.1749
   6.000       0.1631
   7.000       0.1573
   8.000       0.1516
   9.000       0.1578
  10.000       0.1561
  11.000       0.1559
  12.000       0.1667
  13.000       0.2421
  14.000       0.1909
  15.000       0.1650
  16.000       0.2116
  17.000       0.1924
  18.000       0.1642
  19.000       0.1724
  20.000       0.1775
  21.000       0.1749
  22.000       0.1830
  23.000       0.1784
  24.000       0.1662
  25.000       0.1542
  26.000       0.1600
  27.000       0.1521
  28.000       0.1461
  29.000       0.1716
  30.000       0.1574
  31.000       0.1514
  32.000       0.1637
  33.000       0.1439
  34.000       0.1609
  35.000       0.1612
  36.000       0.1452
  37.000       0.1668
  38.000       0.1793
  39.000       0.1597
  40.000       0.1692
  41.000       0.1517
  42.000       0.1581
  43.000       0.2115
  44.000       0.1849
  45.000       0.1774
  46.000       0.1669
  47.000       0.1706
  48.000       0.1404
  49.000       0.1520
  50.000       0.1432
  51.000       0.1596
  52.000       0.1532
  53.000       0.1684
  54.000       0.1512
  55.000       0.1531
  56.000       0.1661
  57.000       0.1693
  58.000       0.1504
  59.000       0.1638
  60.000       0.1655
  61.000       0.1728
  62.000       0.1999
  63.000       0.1887
  64.000       0.1402
  65.000       0.1641
  66.000       0.1406
  67.000       0.1547
  68.000       0.1392
  69.000       0.1446
  70.000       0.1522
  71.000       0.1567
  72.000       0.1583
  73.000       0.1508
  74.000       0.1847
  75.000       0.1587
  76.000       0.1506
  77.000       0.1664
  78.000       0.1733
  79.000       0.1594
  80.000       0.1780
  81.000       0.1523
  82.000       0.1452
  83.000       0.1370
  84.000       0.1452
  85.000       0.1454
  86.000       0.1428
  87.000       0.1580
  88.000       0.1581
  89.000       0.1739
  90.000       0.1618
  91.000       0.1416
  92.000       0.1399
  93.000       0.1459
  94.000       0.1404
  95.000       0.1450
  96.000       0.1483
  97.000       0.1435
  98.000       0.1523
  99.000       0.1518
 100.000       0.1506
 101.000       0.1422
 102.000       0.1303
 103.000       0.1514
 104.000       0.1420
 105.000       0.1541
 106.000       0.1504
 107.000       0.1450
 108.000       0.1858
 109.000       0.1582
 110.000       0.1685
 111.000       0.1379
 112.000       0.1533
 113.000       0.1436
 114.000       0.1485
 115.000       0.1540
 116.000       0.1500
 117.000       0.1719
 118.000       0.1712
 119.000       0.1807
 120.000       0.1390
 121.000       0.1542
 122.000       0.1443
 123.000       0.1454
 124.000       0.1417
 125.000       0.1437
 126.000       0.1596
 127.000       0.2121
 128.000       0.1516
 129.000       0.2103
 130.000       0.1430
 131.000       0.1386
 132.000       0.1374
 133.000       0.1413
 134.000       0.1508
 135.000       0.1709
 136.000       0.1819
 137.000       0.2181
 138.000       0.1551
 139.000       0.1574
 140.000       0.1438
 141.000       0.1696
 142.000       0.1495
 143.000       0.1472
 144.000       0.1611
 145.000       0.1483
 146.000       0.1536
 147.000       0.1597
 148.000       0.1676
 149.000       0.1586
 150.000       0.1374
 151.000       0.1444
 152.000       0.1377
 153.000       0.1358
 154.000       0.1416
 155.000       0.1418
 156.000       0.1476
 157.000       0.1570
 158.000       0.1794
 159.000       0.1658
 160.000       0.1644
 161.000       0.1567
 162.000       0.1618
 163.000       0.1682
 164.000       0.1660
 165.000       0.1487
 166.000       0.1464
 167.000       0.1483
 168.000       0.1479
 169.000       0.1514
 170.000       0.1567
 171.000       0.1388
 172.000       0.1574
 173.000       0.1662
 174.000       0.1612
 175.000       0.1619
 176.000       0.1724
 177.000       0.1452
 178.000       0.1494
 179.000       0.1496
 180.000       0.1556
 181.000       0.1726
 182.000       0.1729
 183.000       0.1582
 184.000       0.1712
 185.000       0.2004
 186.000       0.1745
 187.000       0.1705
 188.000       0.1642
 189.000       0.1671
 190.000       0.1531
 191.000       0.1608
 192.000       0.1653
 193.000       0.1778
 194.000       0.1847
 195.000       0.2141
 196.000       0.2428
 197.000       0.1790
 198.000       0.1588
 199.000       0.1617
 200.000       0.1524
 201.000       0.1428
 202.000       0.1445
 203.000       0.1620
 204.000       0.1687
 205.000       0.1729
 206.000       0.1482
 207.000       0.1726
 208.000       0.2319
 209.000       0.1751
 210.000       0.1472
 211.000       0.1637
 212.000       0.1670
 213.000       0.1694
 214.000       0.1694
 215.000       0.1635
 216.000       0.1802
 217.000       0.2063
 218.000       0.1857
 219.000       0.1716
 220.000       0.1942
 221.000       0.1687
 222.000       0.1531
 223.000       0.1673
 224.000       0.1604
 225.000       0.1647
 226.000       0.1376
 227.000       0.1544
 228.000       0.1572
 229.000       0.1434
 230.000       0.1514
 231.000       0.1674
 232.000       0.1636
 233.000       0.1522
 234.000       0.1598
 235.000       0.1576
 236.000       0.1416
 237.000       0.1618
 238.000       0.1676
 239.000       0.1698
 240.000       0.1852
 241.000       0.2186
 242.000       0.1528
 243.000       0.1493
 244.000       0.1433
 245.000       0.1513
 246.000       0.1607
 247.000       0.1634
 248.000       0.1599
 249.000       0.1546
 250.000       0.1511
 251.000       0.1450
 252.000       0.1573
 253.000       0.1536
 254.000       0.1586
 255.000       0.1619
 256.000       0.1450
 257.000       0.1510
 258.000       0.1520
 259.000       0.1666
 260.000       0.1474
 261.000       0.1461
 262.000       0.1452
 263.000       0.1468
 264.000       0.1424
 265.000       0.1455
 266.000       0.1634
 267.000       0.2157
 268.000       0.1660
 269.000       0.1435
 270.000       0.1350
 271.000       0.1476
 272.000       0.1385
 273.000       0.1464
 274.000       0.1529
 275.000       0.1686
 276.000       0.1747
 277.000       0.1492
 278.000       0.1587
 279.000       0.1526
 280.000       0.1341
 281.000       0.1456
 282.000       0.1420
 283.000       0.1487
 284.000       0.1349
 285.000       0.1515
 286.000       0.1626
 287.000       0.2043
 288.000       0.1509
 289.000       0.1580
 290.000       0.1410
 291.000       0.1451
 292.000       0.1511
 293.000       0.1569
 294.000       0.1712
 295.000       0.1748
 296.000       0.1752
 297.000       0.1626
 298.000       0.2294
 299.000       0.1487
 300.000       0.1481
 301.000       0.1457
 302.000       0.1474
 303.000       0.1545
 304.000       0.1425
 305.000       0.1534
 306.000       0.1583
 307.000       0.1736
 308.000       0.2057
 309.000       0.1478
 310.000       0.1541
 311.000       0.2067
 312.000       0.1453
 313.000       0.1513
 314.000       0.1687
 315.000       0.1856
 316.000       0.1937
 317.000       0.1621
 318.000       0.1875
 319.000       0.1551
 320.000       0.1640
 321.000       0.1464
 322.000       0.1434
 323.000       0.1438
 324.000       0.1624
 325.000       0.1981
 326.000       0.1714
 327.000       0.1681
 328.000       0.1681
 329.000       0.1406
 330.000       0.1469
 331.000       0.1428
 332.000       0.1447
 333.000       0.1422
 334.000       0.1378
 335.000       0.1326
 336.000       0.1512
 337.000       0.1567
 338.000       0.1429
 339.000       0.1321
 340.000       0.1477
 341.000       0.1570
 342.000       0.1413
 343.000       0.1495
 344.000       0.1628
 345.000       0.1421
 346.000       0.1560
 347.000       0.1410
 348.000       0.1450
 349.000       0.1520
 350.000       0.1574
 351.000       0.1709
 352.000       0.1597
 353.000       0.1643
 354.000       0.1591
 355.000       0.1675
 356.000       0.1485
 357.000       0.1421
 358.000       0.1470
 359.000       0.1775
 360.000       0.1672
 361.000       0.1596
 362.000       0.1516
 363.000       0.1615
 364.000       0.2201
 365.000       0.1513
 366.000       0.1771
 367.000       0.1607
 368.000       0.1568
 369.000       0.1450
 370.000       0.1675
 371.000       0.1475
 372.000       0.1552
 373.000       0.1697
 374.000       0.1719
 375.000       0.1707
 376.000       0.1680
 377.000       0.1544
 378.000       0.1345
 379.000       0.1394
 380.000       0.1729
 381.000       0.1705
 382.000       0.2011
