#Res         BFACTORS
   1.000    3265.0068
   2.000    2692.5120
   3.000    2420.4488
   4.000    1966.3183
   5.000    1914.6522
   6.000    2308.3374
   7.000    1669.9478
   8.000    1677.8750
   9.000    1420.0829
  10.000    1941.5225
  11.000    3274.2889
  12.000    5297.9056
  13.000    7038.1139
  14.000    8776.8845
  15.000    9986.6617
  16.000    7758.9345
  17.000    6099.5415
  18.000    4002.5967
  19.000    2436.1300
  20.000    1524.3971
  21.000     828.6011
  22.000     286.0968
  23.000     147.8419
  24.000     125.6459
  25.000     104.1913
  26.000      97.6791
  27.000      68.9098
  28.000      50.1016
  29.000      80.2027
  30.000      86.2708
  31.000      55.2762
  32.000      55.2402
  33.000      50.8234
  34.000      48.7448
  35.000      65.2339
  36.000      71.2335
  37.000      63.1152
  38.000      69.5818
  39.000     100.4651
  40.000      89.8937
  41.000      60.0270
  42.000      70.2176
  43.000      72.4882
  44.000      71.9233
  45.000      45.2550
  46.000      41.6220
  47.000      34.3759
  48.000      32.2901
  49.000      29.7323
  50.000      29.2920
  51.000      32.5843
  52.000      31.4206
  53.000      35.1335
  54.000      41.8314
  55.000      41.5414
  56.000      48.9373
  57.000      44.5780
  58.000      42.6298
  59.000      42.5558
  60.000      40.5925
  61.000      43.5210
  62.000      43.0427
  63.000      32.5531
  64.000      31.7962
  65.000      27.8740
  66.000      28.5793
  67.000      30.2524
  68.000      29.8610
  69.000      32.1557
  70.000      37.5604
  71.000      39.8181
  72.000      36.3183
  73.000      39.1076
  74.000      49.4267
  75.000      51.5396
  76.000      46.4852
  77.000      48.2129
  78.000      58.5850
  79.000      29.6829
  80.000      26.8077
  81.000      21.6475
  82.000      22.6524
  83.000      20.6993
  84.000      22.1814
  85.000      25.8947
  86.000      27.2585
  87.000      31.9948
  88.000      31.6280
  89.000      33.1423
  90.000      32.1583
  91.000      31.3496
  92.000      28.1079
  93.000      32.3118
  94.000      30.8462
  95.000      31.0067
  96.000      30.2721
  97.000      29.7379
  98.000      33.8593
  99.000      27.1201
 100.000      22.6577
 101.000      18.4361
 102.000      15.5321
 103.000      14.6600
 104.000      15.6724
 105.000      17.5645
 106.000      19.3985
 107.000      21.8223
 108.000      23.3217
 109.000      22.1070
 110.000      21.4247
 111.000      24.6066
 112.000      24.7196
 113.000      35.0676
 114.000      32.7664
 115.000      51.0336
 116.000      83.4015
 117.000     128.7018
 118.000     121.6343
 119.000     106.1798
 120.000     141.6091
 121.000     126.7278
 122.000      46.2780
 123.000      32.2802
 124.000      25.1493
 125.000      25.5709
 126.000      20.1406
 127.000      23.3713
 128.000      24.4304
 129.000      20.8497
 130.000      16.8207
 131.000      16.0888
 132.000      16.5568
 133.000      18.7711
 134.000      22.3631
 135.000      28.5257
 136.000      34.2965
 137.000      41.8070
 138.000      35.2855
 139.000      32.3280
 140.000      27.4680
 141.000      27.2527
 142.000      23.3017
 143.000      26.3742
 144.000      24.8491
 145.000      27.0273
 146.000      33.5498
 147.000      38.6294
 148.000      27.9132
 149.000      22.2708
 150.000      20.7477
 151.000      17.6784
 152.000      16.7375
 153.000      16.3930
 154.000      17.3630
 155.000      20.3562
 156.000      22.8628
 157.000      32.4542
 158.000      35.8091
 159.000      43.9320
 160.000      35.0447
 161.000      44.4518
 162.000      41.3243
 163.000      44.5505
 164.000      56.4083
 165.000      37.6449
 166.000      40.1582
 167.000      47.8888
 168.000      54.0220
 169.000      85.4178
 170.000      97.7633
 171.000      75.6821
 172.000     166.2113
 173.000     301.2456
 174.000     295.8024
 175.000     211.4419
 176.000     293.3907
 177.000     336.1447
 178.000     371.3600
 179.000     220.5135
 180.000     195.6391
 181.000     355.2066
 182.000     325.0474
 183.000     253.4393
 184.000     416.9894
 185.000     604.1990
 186.000     799.1335
 187.000     874.7193
 188.000     685.3675
 189.000     995.1516
 190.000     983.3886
 191.000     629.8533
 192.000     704.1952
 193.000     509.8834
 194.000     289.5925
 195.000     231.6395
 196.000     272.8038
 197.000     153.2496
 198.000      67.2358
 199.000      52.8173
 200.000      41.0849
 201.000      37.4963
 202.000      43.3679
 203.000      46.7689
 204.000      47.7041
 205.000      54.9554
 206.000      44.0345
 207.000      56.9547
 208.000      82.7343
 209.000      89.0485
 210.000      75.6195
 211.000     113.2043
 212.000     129.2922
 213.000     121.3853
 214.000     163.4784
 215.000     341.1667
 216.000     436.2546
 217.000     520.4385
 218.000     689.0137
 219.000     273.3920
 220.000     234.8930
 221.000     244.1819
 222.000      60.3357
 223.000      70.3204
 224.000      45.4633
 225.000      27.2304
 226.000      19.5569
 227.000      18.1451
 228.000      19.0395
 229.000      21.3547
 230.000      20.0869
 231.000      32.5658
 232.000      42.8585
 233.000      40.3978
 234.000      41.7331
 235.000      30.8328
 236.000      27.2144
 237.000      38.8444
 238.000      37.6583
 239.000      56.3490
 240.000      42.0184
 241.000      29.3653
 242.000      28.4628
 243.000      19.7155
 244.000      14.9357
 245.000      14.5239
 246.000      17.7367
 247.000      18.3617
 248.000      24.5420
 249.000      33.9763
 250.000      41.7964
 251.000      23.9700
 252.000      30.5345
 253.000      26.0335
 254.000      20.9570
 255.000      25.2432
 256.000      24.4977
 257.000      16.0482
 258.000      14.1071
 259.000      12.9517
 260.000      13.0803
 261.000      14.0207
 262.000      17.4220
 263.000      22.3584
 264.000      28.0960
 265.000      37.4780
 266.000      48.9348
 267.000      66.5795
 268.000      42.0541
 269.000      37.9059
 270.000      33.3069
 271.000      50.1838
 272.000      53.8955
 273.000      37.6303
 274.000      41.8570
 275.000      26.7929
 276.000      31.4550
 277.000      31.7033
 278.000      41.2357
 279.000      22.6524
 280.000      18.3029
 281.000      17.6557
 282.000      19.8349
 283.000      21.1954
 284.000      22.3982
 285.000      23.3290
 286.000      26.9316
 287.000      32.0131
 288.000      35.7495
 289.000      35.3920
 290.000      35.9564
 291.000      31.8437
 292.000      37.4757
 293.000      41.0344
 294.000      54.0445
 295.000     103.5330
 296.000     267.5124
 297.000     282.8599
 298.000      95.5148
 299.000      59.2498
 300.000      50.4830
 301.000      40.8890
 302.000      37.4666
 303.000      32.8171
 304.000      34.9622
 305.000      32.3742
 306.000      33.3467
 307.000      28.2362
 308.000      27.0449
 309.000      25.5788
 310.000      20.7176
 311.000      29.2481
 312.000      41.1892
 313.000      52.4026
 314.000      73.4831
 315.000      55.3386
 316.000      57.0193
 317.000      71.8631
 318.000      62.2265
 319.000      37.0840
 320.000      46.1083
 321.000      41.2770
 322.000      37.0713
 323.000      36.9981
 324.000      51.0405
 325.000      56.9350
 326.000      65.9627
 327.000      52.1003
 328.000      37.2038
 329.000      27.9871
 330.000      22.2243
 331.000      18.1975
 332.000      15.5738
 333.000      15.4806
 334.000      15.6981
 335.000      15.7624
 336.000      18.2212
 337.000      20.1504
 338.000      23.8035
 339.000      20.7861
 340.000      17.0217
 341.000      18.7446
 342.000      19.1796
 343.000      32.2407
 344.000      32.7930
 345.000      48.3857
 346.000      53.4760
 347.000      51.0129
 348.000      70.4011
 349.000      92.5848
 350.000     110.6592
 351.000     142.6861
 352.000     197.5999
 353.000     302.4177
 354.000     303.8966
 355.000     412.4466
 356.000     344.4874
 357.000     242.0228
 358.000     328.2297
 359.000     401.0321
 360.000     346.5414
 361.000     278.6718
 362.000     356.9400
 363.000     349.1784
 364.000     493.6205
 365.000     462.2993
 366.000     497.2113
 367.000     339.7470
 368.000     230.8383
 369.000     284.7269
 370.000     263.3853
 371.000     164.1049
 372.000     147.3199
 373.000     128.9318
 374.000     124.0525
 375.000      69.0166
 376.000      35.4678
 377.000      26.5722
 378.000      28.6013
 379.000      41.4174
 380.000      56.2313
 381.000     105.0723
 382.000     256.1321
