#Res          RMSF_ca
   1.000      11.1380
   2.000      10.1145
   3.000       9.5899
   4.000       8.6436
   5.000       8.5292
   6.000       9.3652
   7.000       7.9656
   8.000       7.9845
   9.000       7.3455
  10.000       8.5889
  11.000      11.1538
  12.000      14.1879
  13.000      16.3529
  14.000      18.2615
  15.000      19.4794
  16.000      17.1699
  17.000      15.2235
  18.000      12.3321
  19.000       9.6209
  20.000       7.6105
  21.000       5.6110
  22.000       3.2970
  23.000       2.3701
  24.000       2.1849
  25.000       1.9897
  26.000       1.9265
  27.000       1.6181
  28.000       1.3797
  29.000       1.7457
  30.000       1.8105
  31.000       1.4492
  32.000       1.4487
  33.000       1.3896
  34.000       1.3609
  35.000       1.5744
  36.000       1.6452
  37.000       1.5486
  38.000       1.6260
  39.000       1.9538
  40.000       1.8481
  41.000       1.5102
  42.000       1.6334
  43.000       1.6596
  44.000       1.6531
  45.000       1.3113
  46.000       1.2576
  47.000       1.1429
  48.000       1.1076
  49.000       1.0629
  50.000       1.0550
  51.000       1.1127
  52.000       1.0926
  53.000       1.1554
  54.000       1.2607
  55.000       1.2563
  56.000       1.3636
  57.000       1.3014
  58.000       1.2727
  59.000       1.2716
  60.000       1.2419
  61.000       1.2859
  62.000       1.2788
  63.000       1.1121
  64.000       1.0991
  65.000       1.0291
  66.000       1.0421
  67.000       1.0721
  68.000       1.0652
  69.000       1.1053
  70.000       1.1946
  71.000       1.2300
  72.000       1.1747
  73.000       1.2190
  74.000       1.3704
  75.000       1.3994
  76.000       1.3290
  77.000       1.3535
  78.000       1.4920
  79.000       1.0620
  80.000       1.0092
  81.000       0.9069
  82.000       0.9277
  83.000       0.8868
  84.000       0.9180
  85.000       0.9919
  86.000       1.0177
  87.000       1.1026
  88.000       1.0962
  89.000       1.1222
  90.000       1.1054
  91.000       1.0914
  92.000       1.0334
  93.000       1.1080
  94.000       1.0826
  95.000       1.0854
  96.000       1.0725
  97.000       1.0630
  98.000       1.1342
  99.000       1.0151
 100.000       0.9278
 101.000       0.8370
 102.000       0.7682
 103.000       0.7463
 104.000       0.7717
 105.000       0.8169
 106.000       0.8585
 107.000       0.9106
 108.000       0.9413
 109.000       0.9165
 110.000       0.9022
 111.000       0.9669
 112.000       0.9691
 113.000       1.1543
 114.000       1.1158
 115.000       1.3925
 116.000       1.7801
 117.000       2.2114
 118.000       2.1498
 119.000       2.0086
 120.000       2.3196
 121.000       2.1943
 122.000       1.3260
 123.000       1.1075
 124.000       0.9775
 125.000       0.9857
 126.000       0.8748
 127.000       0.9423
 128.000       0.9635
 129.000       0.8901
 130.000       0.7994
 131.000       0.7819
 132.000       0.7931
 133.000       0.8445
 134.000       0.9218
 135.000       1.0411
 136.000       1.1415
 137.000       1.2603
 138.000       1.1579
 139.000       1.1083
 140.000       1.0216
 141.000       1.0176
 142.000       0.9409
 143.000       1.0010
 144.000       0.9717
 145.000       1.0134
 146.000       1.1290
 147.000       1.2115
 148.000       1.0298
 149.000       0.9199
 150.000       0.8879
 151.000       0.8196
 152.000       0.7975
 153.000       0.7892
 154.000       0.8122
 155.000       0.8795
 156.000       0.9320
 157.000       1.1105
 158.000       1.1664
 159.000       1.2920
 160.000       1.1539
 161.000       1.2996
 162.000       1.2530
 163.000       1.3010
 164.000       1.4640
 165.000       1.1960
 166.000       1.2352
 167.000       1.3489
 168.000       1.4327
 169.000       1.8015
 170.000       1.9273
 171.000       1.6958
 172.000       2.5130
 173.000       3.3832
 174.000       3.3525
 175.000       2.8344
 176.000       3.3388
 177.000       3.5738
 178.000       3.7563
 179.000       2.8946
 180.000       2.7264
 181.000       3.6737
 182.000       3.5143
 183.000       3.1031
 184.000       3.9804
 185.000       4.7913
 186.000       5.5103
 187.000       5.7650
 188.000       5.1030
 189.000       6.1491
 190.000       6.1126
 191.000       4.8920
 192.000       5.1726
 193.000       4.4015
 194.000       3.3171
 195.000       2.9667
 196.000       3.2195
 197.000       2.4130
 198.000       1.5983
 199.000       1.4166
 200.000       1.2494
 201.000       1.1936
 202.000       1.2837
 203.000       1.3330
 204.000       1.3463
 205.000       1.4450
 206.000       1.2935
 207.000       1.4711
 208.000       1.7730
 209.000       1.8394
 210.000       1.6951
 211.000       2.0739
 212.000       2.2164
 213.000       2.1476
 214.000       2.4923
 215.000       3.6004
 216.000       4.0713
 217.000       4.4468
 218.000       5.1166
 219.000       3.2230
 220.000       2.9875
 221.000       3.0459
 222.000       1.5141
 223.000       1.6346
 224.000       1.3143
 225.000       1.0172
 226.000       0.8620
 227.000       0.8303
 228.000       0.8505
 229.000       0.9008
 230.000       0.8736
 231.000       1.1124
 232.000       1.2761
 233.000       1.2389
 234.000       1.2592
 235.000       1.0824
 236.000       1.0169
 237.000       1.2149
 238.000       1.1962
 239.000       1.4632
 240.000       1.2635
 241.000       1.0563
 242.000       1.0399
 243.000       0.8655
 244.000       0.7533
 245.000       0.7429
 246.000       0.8209
 247.000       0.8353
 248.000       0.9657
 249.000       1.1362
 250.000       1.2602
 251.000       0.9543
 252.000       1.0771
 253.000       0.9946
 254.000       0.8923
 255.000       0.9794
 256.000       0.9648
 257.000       0.7809
 258.000       0.7321
 259.000       0.7015
 260.000       0.7050
 261.000       0.7299
 262.000       0.8136
 263.000       0.9217
 264.000       1.0332
 265.000       1.1933
 266.000       1.3636
 267.000       1.5905
 268.000       1.2641
 269.000       1.2001
 270.000       1.1249
 271.000       1.3809
 272.000       1.4310
 273.000       1.1957
 274.000       1.2611
 275.000       1.0090
 276.000       1.0932
 277.000       1.0975
 278.000       1.2517
 279.000       0.9277
 280.000       0.8339
 281.000       0.8190
 282.000       0.8681
 283.000       0.8974
 284.000       0.9225
 285.000       0.9415
 286.000       1.0116
 287.000       1.1029
 288.000       1.1655
 289.000       1.1596
 290.000       1.1688
 291.000       1.1000
 292.000       1.1933
 293.000       1.2486
 294.000       1.4330
 295.000       1.9834
 296.000       3.1881
 297.000       3.2783
 298.000       1.9050
 299.000       1.5004
 300.000       1.3850
 301.000       1.2464
 302.000       1.1931
 303.000       1.1166
 304.000       1.1526
 305.000       1.1091
 306.000       1.1256
 307.000       1.0358
 308.000       1.0137
 309.000       0.9858
 310.000       0.8872
 311.000       1.0542
 312.000       1.2510
 313.000       1.4110
 314.000       1.6709
 315.000       1.4500
 316.000       1.4719
 317.000       1.6524
 318.000       1.5376
 319.000       1.1870
 320.000       1.3236
 321.000       1.2523
 322.000       1.1868
 323.000       1.1856
 324.000       1.3926
 325.000       1.4708
 326.000       1.5831
 327.000       1.4070
 328.000       1.1889
 329.000       1.0312
 330.000       0.9189
 331.000       0.8315
 332.000       0.7692
 333.000       0.7669
 334.000       0.7723
 335.000       0.7739
 336.000       0.8321
 337.000       0.8750
 338.000       0.9510
 339.000       0.8887
 340.000       0.8042
 341.000       0.8439
 342.000       0.8537
 343.000       1.1068
 344.000       1.1162
 345.000       1.3559
 346.000       1.4254
 347.000       1.3922
 348.000       1.6355
 349.000       1.8756
 350.000       2.0505
 351.000       2.3284
 352.000       2.7401
 353.000       3.3898
 354.000       3.3980
 355.000       3.9587
 356.000       3.6179
 357.000       3.0325
 358.000       3.5315
 359.000       3.9035
 360.000       3.6286
 361.000       3.2540
 362.000       3.6827
 363.000       3.6424
 364.000       4.3307
 365.000       4.1911
 366.000       4.3465
 367.000       3.5929
 368.000       2.9616
 369.000       3.2891
 370.000       3.1635
 371.000       2.4970
 372.000       2.3659
 373.000       2.2133
 374.000       2.1710
 375.000       1.6194
 376.000       1.1609
 377.000       1.0048
 378.000       1.0425
 379.000       1.2545
 380.000       1.4617
 381.000       1.9981
 382.000       3.1196
